2 0.281426 0.871191 0.259987 0.036406
17 0.138145 0.252109 0.148477 0.093105
18 0.760384 0.726455 0.189857 0.101309
18 0.576009 0.725088 0.166732 0.107695
18 0.391641 0.736040 0.153333 0.085791
18 0.215788 0.737866 0.191055 0.091279
18 0.383971 0.613535 0.141953 0.098574
18 0.192077 0.618799 0.164727 0.098574
12 0.668737 0.256694 0.143698 0.086748
12 0.841354 0.259980 0.159479 0.080176
5 0.493014 0.527666 0.147253 0.023730
27 0.495449 0.416313 0.147253 0.025557
27 0.495449 0.385278 0.139961 0.032861
27 0.522832 0.346030 0.048685 0.034678
9 0.650612 0.417500 0.180260 0.023398
9 0.652350 0.386304 0.156003 0.033799
9 0.619421 0.355103 0.131732 0.028604
11 0.342090 0.416201 0.145586 0.020801
11 0.343828 0.382407 0.149063 0.036396
1 0.477285 0.836094 0.083190 0.039004
1 0.487682 0.885488 0.145599 0.044199
2 0.284889 0.833491 0.273867 0.028604
4 0.664323 0.849409 0.250365 0.043330
4 0.661914 0.814199 0.245547 0.016250
3 0.353770 0.464834 0.149258 0.025273
3 0.340534 0.530737 0.142031 0.019854
3 0.338125 0.500044 0.146849 0.030693
26 0.696816 0.890937 0.272018 0.025273
26 0.495801 0.610176 0.067409 0.074023
26 0.483763 0.481084 0.125182 0.054160
26 0.820794 0.379980 0.182969 0.028887
26 0.819590 0.347480 0.194987 0.025273
26 0.180443 0.339351 0.163698 0.034307
26 0.354967 0.347476 0.166107 0.043330
27 0.176829 0.529834 0.161289 0.025273
27 0.180443 0.497334 0.154063 0.032500
27 0.187663 0.464834 0.149258 0.032500
27 0.178034 0.414282 0.158880 0.021670
27 0.178034 0.380879 0.158880 0.037910
9 0.787090 0.497334 0.144440 0.083047
5 0.628210 0.497339 0.154076 0.079443
6 0.764225 0.612886 0.127591 0.083057
6 0.610156 0.603862 0.142031 0.079443
16 0.393496 0.251787 0.084258 0.093887
15 0.267103 0.250884 0.154076 0.095693
