27 0.484108 0.342061 0.187773 0.032500
17 0.355547 0.636724 0.167552 0.114834
17 0.138893 0.642139 0.219557 0.125664
18 0.837982 0.768882 0.207995 0.114834
18 0.614102 0.768882 0.216667 0.140830
18 0.356999 0.777549 0.228216 0.093164
18 0.162005 0.782969 0.202214 0.104004
10 0.845208 0.488306 0.153099 0.112666
14 0.668984 0.490474 0.170443 0.112666
14 0.830762 0.631309 0.181992 0.095332
14 0.637214 0.626968 0.176224 0.108330
5 0.479766 0.524058 0.207995 0.041162
3 0.283327 0.535977 0.184883 0.034668
3 0.319440 0.500225 0.170443 0.041172
3 0.309329 0.460146 0.190664 0.030332
4 0.784538 0.936797 0.309102 0.065000
4 0.748431 0.883281 0.294648 0.030332
2 0.240000 0.893032 0.317760 0.041162
2 0.229889 0.943945 0.320664 0.060664
1 0.897324 0.388208 0.205352 0.019502
1 0.900091 0.364375 0.199323 0.032500
1 0.885651 0.327549 0.176224 0.032500
27 0.199557 0.180649 0.196432 0.121338
0 0.508659 0.889780 0.173333 0.026006
0 0.518770 0.916865 0.193555 0.032500
0 0.507214 0.953696 0.170443 0.036826
9 0.666100 0.304795 0.176211 0.039004
9 0.684876 0.381709 0.202227 0.036836
9 0.689212 0.345962 0.181992 0.034658
11 0.296328 0.386045 0.205104 0.036836
11 0.289108 0.351377 0.213763 0.028164
11 0.299219 0.309131 0.182005 0.051992
12 0.904551 0.183467 0.190898 0.116992
16 0.723874 0.184551 0.153112 0.114824
16 0.401771 0.181299 0.167552 0.116992
26 0.889987 0.295479 0.213776 0.030332
26 0.492747 0.623735 0.089505 0.088857
26 0.105671 0.451475 0.199336 0.021660
26 0.492767 0.469893 0.187773 0.075840
26 0.094115 0.324727 0.182005 0.088828
26 0.063776 0.179565 0.121328 0.132158
27 0.094108 0.385396 0.187773 0.041162
27 0.104225 0.533809 0.190664 0.030332
27 0.111445 0.489390 0.193542 0.045498
27 0.481217 0.386475 0.193555 0.030332
