12 0.601328 0.285786 0.098307 0.061689
18 0.713672 0.647646 0.126380 0.084258
18 0.577253 0.643135 0.138411 0.087266
17 0.446855 0.557368 0.106315 0.069209
17 0.365605 0.555112 0.088268 0.073721
18 0.275332 0.555864 0.104310 0.075225
18 0.431810 0.653662 0.136406 0.084258
18 0.285365 0.654414 0.124375 0.082754
14 0.706751 0.548364 0.113685 0.067705
14 0.592233 0.546484 0.108659 0.076484
13 0.689193 0.462480 0.085260 0.068965
13 0.596413 0.464360 0.100299 0.065205
7 0.494434 0.444297 0.083581 0.020059
7 0.506139 0.491318 0.113685 0.023828
7 0.498613 0.466865 0.105326 0.020059
3 0.382428 0.490688 0.113685 0.022568
3 0.382454 0.469370 0.113737 0.020049
3 0.391621 0.446177 0.108659 0.021318
11 0.720957 0.399785 0.115352 0.018809
11 0.706751 0.387251 0.106992 0.016299
11 0.376569 0.405435 0.115352 0.022568
11 0.374902 0.388501 0.105326 0.016299
11 0.367383 0.361543 0.103646 0.025078
0 0.506836 0.716860 0.112344 0.019561
0 0.512852 0.743188 0.116354 0.027080
0 0.501823 0.768765 0.106328 0.024072
2 0.334310 0.756729 0.216667 0.036113
24 0.600371 0.401606 0.113763 0.017412
24 0.595723 0.384194 0.109128 0.013936
24 0.586439 0.361118 0.106810 0.018291
27 0.486022 0.406831 0.101003 0.013936
27 0.480794 0.385498 0.116094 0.023516
27 0.472090 0.362856 0.098685 0.023506
27 0.256152 0.406831 0.119570 0.013936
27 0.257891 0.387241 0.116094 0.020029
27 0.251497 0.365039 0.107943 0.020898
27 0.272982 0.496079 0.118411 0.011318
27 0.276927 0.472832 0.110286 0.024375
15 0.327480 0.291440 0.093529 0.065303
16 0.408665 0.290776 0.088685 0.066514
26 0.332077 0.724902 0.208971 0.026992
26 0.660046 0.718457 0.195039 0.024375
26 0.669915 0.752852 0.205482 0.046152
26 0.711921 0.353398 0.131003 0.013203
26 0.712975 0.371626 0.127461 0.019014
26 0.269577 0.449941 0.123711 0.022578
27 0.502025 0.288047 0.092279 0.069219
17 0.236211 0.285039 0.094297 0.075234
12 0.723698 0.287295 0.118359 0.064707
