26 0.474375 0.353398 0.120365 0.037617
26 0.597246 0.449312 0.142096 0.028838
26 0.489414 0.790981 0.103646 0.040127
26 0.736009 0.346504 0.148789 0.026328
24 0.734336 0.470000 0.128724 0.070215
26 0.743529 0.370327 0.143776 0.028838
27 0.486908 0.386621 0.115352 0.023828
27 0.479388 0.401670 0.130391 0.023828
27 0.247012 0.445552 0.127044 0.021318
27 0.243665 0.470000 0.123711 0.025078
27 0.239486 0.492568 0.132070 0.025078
27 0.529538 0.278794 0.096966 0.073975
27 0.226113 0.350259 0.115352 0.028838
27 0.231126 0.379727 0.125378 0.032598
27 0.236146 0.394771 0.125391 0.030088
12 0.761914 0.276914 0.137083 0.075234
15 0.433411 0.275659 0.085260 0.067705
15 0.347318 0.275034 0.093620 0.068955
16 0.347318 0.373457 0.110339 0.075234
4 0.665788 0.792236 0.215664 0.040117
4 0.657435 0.762769 0.222344 0.023818
4 0.658262 0.740205 0.227357 0.026328
3 0.374902 0.443042 0.108659 0.021318
3 0.384928 0.470005 0.142096 0.030088
3 0.368216 0.495708 0.118698 0.023818
2 0.312207 0.786597 0.234049 0.041377
2 0.307181 0.757754 0.230690 0.031348
2 0.321406 0.735811 0.219010 0.020059
0 0.483568 0.755874 0.091953 0.020068
0 0.489414 0.740830 0.093620 0.025078
9 0.598079 0.360293 0.113685 0.016309
9 0.609785 0.380356 0.117018 0.028838
9 0.605605 0.399785 0.128737 0.020059
5 0.541243 0.475645 0.113685 0.026328
5 0.605605 0.496958 0.118685 0.033857
5 0.486074 0.493198 0.117018 0.028838
7 0.742689 0.392266 0.125378 0.020059
7 0.742689 0.404805 0.132070 0.020059
6 0.575514 0.562788 0.125378 0.072725
6 0.718451 0.565293 0.127057 0.080254
17 0.241159 0.274404 0.122031 0.075234
19 0.350664 0.561533 0.086927 0.087773
19 0.451803 0.566543 0.098633 0.082754
20 0.254531 0.670610 0.152135 0.080244
20 0.401647 0.669985 0.138763 0.081494
20 0.566322 0.665601 0.147122 0.100303
20 0.713437 0.666226 0.147109 0.089014
18 0.242832 0.564668 0.125378 0.081504
