27 0.273561 0.492739 0.117565 0.021162
27 0.503294 0.287319 0.103646 0.066455
9 0.592708 0.365298 0.110286 0.020029
9 0.593750 0.385586 0.107969 0.020020
27 0.257435 0.387930 0.117578 0.020156
27 0.477799 0.365508 0.098750 0.019648
9 0.596074 0.399951 0.114935 0.019160
3 0.390586 0.445664 0.098672 0.020020
3 0.385944 0.470044 0.107956 0.021768
3 0.388268 0.487891 0.107969 0.031348
0 0.505410 0.769673 0.108034 0.021768
0 0.505573 0.749292 0.110443 0.018740
0 0.507995 0.728433 0.120130 0.019346
0 0.501139 0.710596 0.116107 0.007852
0 0.709551 0.390869 0.109180 0.013437
0 0.713249 0.404644 0.110846 0.012178
5 0.497279 0.468130 0.105651 0.018291
5 0.504824 0.488589 0.109128 0.013936
5 0.471152 0.444185 0.037148 0.019150
5 0.516439 0.442441 0.034831 0.019160
11 0.366673 0.364946 0.106810 0.017412
11 0.374219 0.386284 0.105651 0.021768
11 0.377116 0.405435 0.109128 0.023506
2 0.334531 0.759473 0.211771 0.036680
15 0.325286 0.288545 0.090547 0.070098
16 0.412917 0.288545 0.090547 0.067910
14 0.592539 0.548345 0.116823 0.064619
14 0.704987 0.547251 0.113906 0.071201
13 0.595462 0.464561 0.099310 0.067910
13 0.688926 0.464561 0.081784 0.067910
18 0.429707 0.650752 0.135820 0.072285
18 0.288783 0.654590 0.140195 0.071191
20 0.571367 0.643633 0.150417 0.095293
20 0.706445 0.641445 0.131432 0.088711
19 0.275638 0.557656 0.108073 0.074473
19 0.364727 0.556011 0.093464 0.075576
19 0.448691 0.555464 0.097852 0.074482
21 0.234746 0.291504 0.084701 0.065723
12 0.601745 0.285259 0.112448 0.064619
12 0.728060 0.283618 0.125599 0.065713
26 0.268776 0.445171 0.127057 0.018623
26 0.719297 0.367954 0.131432 0.017529
26 0.717109 0.349883 0.138724 0.016426
26 0.328848 0.725908 0.216628 0.027383
26 0.670208 0.713130 0.212969 0.014600
26 0.675684 0.730928 0.209310 0.022813
26 0.666556 0.760137 0.188633 0.035605
27 0.256563 0.366260 0.114219 0.020156
27 0.480150 0.386670 0.102122 0.019648
27 0.256087 0.406572 0.112201 0.010078
27 0.482839 0.405063 0.110182 0.019150
27 0.276582 0.473081 0.108841 0.026201
