27 0.234329 0.350630 0.116081 0.032178
27 0.233066 0.398887 0.138789 0.018926
27 0.532103 0.280601 0.095898 0.073818
27 0.631784 0.274922 0.098411 0.073809
27 0.492988 0.380913 0.113555 0.028389
27 0.482897 0.399834 0.118607 0.020820
27 0.257044 0.443369 0.131224 0.020820
27 0.240638 0.470811 0.128698 0.026504
27 0.234329 0.494468 0.126185 0.028389
15 0.347891 0.276816 0.100938 0.073809
15 0.438730 0.276816 0.090846 0.077598
16 0.345365 0.370503 0.116094 0.083271
9 0.597715 0.364824 0.116081 0.022715
9 0.602767 0.380908 0.121133 0.024609
9 0.611595 0.398887 0.113555 0.018926
5 0.504349 0.496362 0.131224 0.020811
5 0.607812 0.492578 0.136276 0.020820
26 0.489206 0.802021 0.126172 0.018926
5 0.537155 0.479331 0.126185 0.028389
3 0.375645 0.470811 0.116081 0.022715
3 0.359245 0.495415 0.118594 0.018936
3 0.383216 0.444316 0.111042 0.018926
4 0.670898 0.790664 0.227109 0.037852
4 0.658281 0.762275 0.211979 0.018926
4 0.648190 0.738623 0.206927 0.020820
7 0.749128 0.394160 0.126172 0.013242
7 0.751654 0.409302 0.121120 0.013252
2 0.304987 0.788774 0.227109 0.037861
2 0.318867 0.763228 0.199349 0.028389
2 0.326439 0.735781 0.209440 0.026504
0 0.484036 0.762280 0.101198 0.011357
0 0.489206 0.743350 0.111042 0.018926
26 0.481641 0.781201 0.105990 0.018926
14 0.575007 0.566387 0.126185 0.073809
14 0.717585 0.563550 0.123659 0.068135
18 0.558600 0.661968 0.138789 0.094639
18 0.711276 0.668594 0.141328 0.096523
18 0.397096 0.669541 0.138802 0.075703
18 0.249473 0.669541 0.151419 0.079492
17 0.351673 0.564497 0.088320 0.073818
17 0.451354 0.564497 0.080755 0.073818
17 0.243164 0.568281 0.113568 0.066250
19 0.245690 0.277759 0.103464 0.071924
27 0.230547 0.379966 0.123646 0.026494
26 0.572480 0.351572 0.176654 0.015137
26 0.742819 0.353467 0.133737 0.018926
26 0.739036 0.374287 0.126172 0.015137
26 0.600241 0.446206 0.131211 0.030283
26 0.639355 0.470811 0.073190 0.018926
