26 0.513268 0.383545 0.100104 0.017129
27 0.522669 0.402271 0.105469 0.019014
27 0.523177 0.420674 0.108516 0.015215
27 0.296003 0.376182 0.106484 0.023574
27 0.291445 0.397095 0.109531 0.030420
27 0.290423 0.416113 0.115612 0.018262
9 0.630059 0.378433 0.112591 0.024424
9 0.635208 0.401221 0.116667 0.023398
9 0.641315 0.418521 0.107161 0.025439
9 0.299466 0.489229 0.099036 0.014238
9 0.302858 0.501440 0.122096 0.018311
3 0.418841 0.456670 0.093594 0.022383
3 0.421556 0.483633 0.112591 0.017305
3 0.416126 0.505508 0.099023 0.024414
4 0.685918 0.739937 0.203685 0.033604
4 0.691517 0.779346 0.203477 0.031797
0 0.492174 0.762461 0.108333 0.019785
0 0.498301 0.783657 0.109284 0.022607
2 0.339095 0.775181 0.197826 0.040986
2 0.351341 0.748682 0.199714 0.024727
2 0.363118 0.733848 0.181810 0.023320
0 0.524212 0.741265 0.098919 0.022607
0 0.512435 0.725723 0.092318 0.005645
5 0.531823 0.488145 0.120964 0.015254
5 0.526165 0.506797 0.114180 0.020352
5 0.526732 0.473306 0.099479 0.019502
11 0.410293 0.401665 0.106263 0.022041
11 0.409167 0.418618 0.113047 0.022041
12 0.763001 0.396152 0.106263 0.017812
12 0.765260 0.410142 0.115312 0.011865
12 0.773177 0.425405 0.113047 0.015264
15 0.377546 0.305288 0.089857 0.068857
16 0.471315 0.305288 0.105495 0.071787
12 0.660801 0.307485 0.109388 0.064463
12 0.780833 0.308877 0.115443 0.061680
24 0.751634 0.483291 0.103529 0.070332
14 0.597311 0.566509 0.123060 0.065928
18 0.300586 0.573101 0.132839 0.087900
18 0.452656 0.662393 0.131068 0.082187
20 0.601217 0.662031 0.126966 0.087910
26 0.567708 0.305205 0.071094 0.060098
26 0.442155 0.571260 0.139648 0.073379
26 0.736009 0.556455 0.142044 0.017129
26 0.734772 0.575195 0.139570 0.017129
26 0.734759 0.592734 0.141159 0.017129
26 0.301445 0.454268 0.100104 0.017129
26 0.303867 0.472402 0.100104 0.017129
26 0.635313 0.467471 0.100104 0.017129
26 0.645104 0.505962 0.100104 0.017139
26 0.644180 0.486367 0.100104 0.017129
26 0.414857 0.383042 0.100104 0.017139
26 0.424258 0.366416 0.100104 0.017129
20 0.740885 0.662031 0.128932 0.093770
18 0.294277 0.670166 0.132826 0.087910
27 0.284173 0.304185 0.096081 0.063994
