26 0.480293 0.348765 0.138294 0.026396
27 0.495937 0.397280 0.110339 0.022568
27 0.502591 0.371001 0.110339 0.022568
27 0.250156 0.396079 0.110339 0.022568
27 0.256849 0.470054 0.110339 0.022568
27 0.248490 0.491362 0.110339 0.022568
27 0.507611 0.273188 0.110326 0.067686
27 0.225078 0.268833 0.110339 0.071514
4 0.312246 0.776738 0.210638 0.033105
4 0.335247 0.736157 0.210651 0.033096
4 0.688327 0.736157 0.210638 0.033096
4 0.688327 0.775278 0.210638 0.033096
3 0.380456 0.442720 0.114349 0.024072
3 0.369349 0.462319 0.114349 0.024072
3 0.375365 0.490913 0.114349 0.024072
11 0.384466 0.375767 0.110339 0.016553
11 0.379382 0.397627 0.110326 0.016543
12 0.744564 0.383286 0.128398 0.022568
12 0.740482 0.399131 0.128385 0.022578
0 0.491797 0.775986 0.112344 0.013535
0 0.479687 0.761738 0.112344 0.013535
0 0.491719 0.746694 0.112344 0.013545
5 0.491797 0.490112 0.112344 0.016553
5 0.493737 0.468345 0.112344 0.016553
9 0.615007 0.355947 0.114857 0.026367
9 0.615866 0.380610 0.114857 0.026377
9 0.615866 0.393799 0.114857 0.026367
16 0.407552 0.274370 0.089062 0.077354
15 0.321992 0.272612 0.100807 0.080869
24 0.740417 0.463364 0.150026 0.082627
13 0.602116 0.461606 0.112513 0.075596
14 0.605632 0.555669 0.138294 0.066807
14 0.735801 0.554468 0.138294 0.066807
12 0.617350 0.274019 0.110169 0.072080
12 0.742832 0.273169 0.110169 0.072080
12 0.482637 0.561499 0.110169 0.072080
25 0.270423 0.661675 0.133607 0.073838
25 0.417005 0.659946 0.133620 0.073838
25 0.257604 0.559736 0.133620 0.073848
25 0.569368 0.659946 0.133607 0.073838
26 0.720495 0.655522 0.138307 0.089658
26 0.250573 0.357520 0.138307 0.043945
26 0.393561 0.354023 0.138294 0.026406
26 0.752214 0.354043 0.138307 0.026406
26 0.496706 0.440186 0.138307 0.026406
26 0.252917 0.441943 0.138307 0.026406
