27 0.231510 0.376865 0.128932 0.022852
26 0.649909 0.809922 0.235859 0.028887
26 0.271126 0.599355 0.137227 0.028887
26 0.709264 0.698662 0.137227 0.028887
26 0.560007 0.700469 0.137227 0.028887
26 0.481784 0.453115 0.105964 0.028887
26 0.738151 0.380889 0.137214 0.028887
26 0.735742 0.350195 0.137214 0.028887
26 0.377051 0.350195 0.137227 0.028887
26 0.236289 0.350186 0.137214 0.028887
18 0.564824 0.648110 0.132409 0.072217
18 0.700905 0.658931 0.132409 0.072217
19 0.265905 0.566382 0.111445 0.065830
25 0.401087 0.676636 0.165794 0.085674
25 0.252669 0.673477 0.165781 0.085684
27 0.424772 0.569556 0.128919 0.078271
14 0.708971 0.569014 0.107266 0.072090
14 0.591198 0.564292 0.107266 0.072100
2 0.301165 0.753013 0.219023 0.032451
2 0.295260 0.798120 0.211823 0.039697
0 0.475293 0.758398 0.115664 0.033125
0 0.475293 0.783633 0.115664 0.033125
0 0.478353 0.805430 0.115664 0.033125
12 0.733854 0.403301 0.105495 0.021973
5 0.489746 0.480269 0.103529 0.023447
5 0.492611 0.494863 0.103529 0.023438
3 0.368633 0.450967 0.119167 0.023438
3 0.368633 0.478804 0.119167 0.023447
3 0.363678 0.503652 0.119154 0.023438
4 0.634297 0.746909 0.209010 0.035166
4 0.637161 0.776157 0.209010 0.035166
9 0.606947 0.404082 0.119154 0.029297
9 0.606947 0.383574 0.119154 0.029297
9 0.596139 0.360078 0.119154 0.029297
11 0.376445 0.402617 0.097682 0.013184
11 0.382233 0.384248 0.097669 0.013184
12 0.636250 0.278091 0.136745 0.067393
12 0.741667 0.279497 0.136745 0.067393
27 0.515117 0.278086 0.105443 0.070371
16 0.445977 0.275737 0.042161 0.072080
16 0.410827 0.273979 0.028138 0.072080
16 0.382708 0.274897 0.028125 0.072080
27 0.232669 0.273115 0.128932 0.070371
27 0.225638 0.453301 0.128932 0.022852
27 0.225638 0.477915 0.128932 0.022861
27 0.225638 0.502529 0.128932 0.022852
27 0.483490 0.404072 0.128932 0.022852
27 0.482331 0.379507 0.100807 0.035166
27 0.230326 0.405830 0.128932 0.022852
