20 0.695026 0.646270 0.131276 0.087910
20 0.563672 0.644448 0.131276 0.087900
25 0.406699 0.660332 0.128919 0.079121
25 0.276517 0.661147 0.128919 0.079111
14 0.699714 0.556606 0.121901 0.072080
14 0.577734 0.552148 0.121901 0.072090
24 0.719557 0.467759 0.114870 0.061533
12 0.736289 0.405063 0.106901 0.021104
12 0.733522 0.392339 0.106888 0.021104
5 0.601270 0.495781 0.104076 0.023203
5 0.500000 0.493672 0.104089 0.023203
5 0.540840 0.475674 0.104076 0.023203
3 0.381855 0.489453 0.112513 0.031641
3 0.393105 0.470464 0.112513 0.031650
3 0.393158 0.450356 0.112513 0.031650
9 0.604082 0.402954 0.104076 0.021104
9 0.595638 0.386074 0.104089 0.021094
9 0.597103 0.364912 0.104076 0.021094
16 0.356595 0.377573 0.106888 0.071729
15 0.440931 0.293247 0.081576 0.069619
15 0.363626 0.290015 0.081576 0.069619
26 0.533750 0.354429 0.123802 0.031650
26 0.564701 0.447256 0.123802 0.031641
26 0.716615 0.361816 0.123802 0.031641
26 0.491615 0.767866 0.095651 0.029541
0 0.500000 0.723633 0.093464 0.014238
0 0.500000 0.732070 0.093464 0.014238
0 0.495273 0.739473 0.093464 0.014238
2 0.352168 0.714834 0.200065 0.025234
2 0.322962 0.736211 0.200065 0.025234
2 0.330983 0.765215 0.200065 0.041621
4 0.651543 0.722500 0.210299 0.030664
4 0.663229 0.738931 0.210286 0.030674
4 0.657376 0.763022 0.210299 0.030674
27 0.262018 0.490049 0.110286 0.023535
27 0.260859 0.470898 0.110286 0.023535
27 0.271302 0.450000 0.110286 0.023535
27 0.487240 0.404717 0.110286 0.023535
27 0.482598 0.390791 0.110299 0.023535
27 0.255052 0.406465 0.110286 0.023535
27 0.257370 0.388174 0.110286 0.023535
27 0.252734 0.362939 0.110286 0.023535
19 0.458275 0.561880 0.084388 0.079111
18 0.269486 0.560942 0.105482 0.072080
27 0.534844 0.289790 0.110286 0.065303
27 0.635846 0.294136 0.110286 0.065303
27 0.266133 0.290239 0.110286 0.065303
19 0.371452 0.560942 0.084388 0.079111
