3 0.381771 0.454727 0.089531 0.015254
26 0.578776 0.449365 0.143490 0.029531
26 0.722201 0.362871 0.132161 0.029531
26 0.498646 0.765757 0.109714 0.029541
17 0.454993 0.565405 0.109701 0.069619
17 0.359355 0.554849 0.109701 0.069619
17 0.267988 0.560063 0.109701 0.069619
18 0.415612 0.662446 0.132187 0.092861
18 0.279225 0.664507 0.132174 0.092861
20 0.700391 0.652866 0.132214 0.084385
20 0.561094 0.648667 0.132214 0.084385
14 0.714460 0.551597 0.115326 0.071729
14 0.575156 0.557954 0.115339 0.071729
24 0.731276 0.468286 0.118151 0.065400
4 0.656842 0.762168 0.206367 0.033867
4 0.654453 0.736753 0.194062 0.018369
4 0.643190 0.717671 0.194063 0.018369
2 0.346406 0.716245 0.198776 0.016924
2 0.338867 0.740996 0.198776 0.033906
2 0.332786 0.764302 0.198776 0.033916
0 0.491484 0.722627 0.090443 0.013418
0 0.491517 0.736392 0.090430 0.013428
5 0.602891 0.493389 0.104453 0.019336
5 0.495716 0.491353 0.104453 0.019326
5 0.537135 0.473560 0.104453 0.019326
3 0.374993 0.492886 0.116680 0.018330
3 0.383815 0.473047 0.118047 0.019336
3 0.389948 0.445073 0.089531 0.015264
12 0.736849 0.408857 0.108021 0.020254
12 0.730091 0.396182 0.108021 0.020254
24 0.595078 0.401265 0.094505 0.025322
24 0.605215 0.392417 0.101289 0.032939
24 0.595072 0.365801 0.094518 0.025313
27 0.631738 0.290786 0.106888 0.071729
27 0.537969 0.292544 0.106901 0.071729
12 0.747591 0.294233 0.112526 0.065400
16 0.359408 0.376519 0.101263 0.069619
15 0.443743 0.286919 0.084388 0.067510
15 0.362220 0.286851 0.084388 0.067510
27 0.258086 0.489448 0.106901 0.023174
27 0.260898 0.472573 0.106901 0.023174
27 0.269342 0.447256 0.106888 0.023164
27 0.488743 0.402954 0.106888 0.023174
27 0.491556 0.388188 0.106888 0.023174
27 0.260898 0.405063 0.106901 0.023174
27 0.252461 0.388188 0.106901 0.023174
27 0.252461 0.361797 0.106901 0.023164
27 0.258145 0.288960 0.106888 0.071729
