18 0.448900 0.662896 0.134492 0.081846
18 0.310052 0.663618 0.121901 0.081846
18 0.297474 0.570176 0.121901 0.081855
14 0.595260 0.565825 0.130026 0.069658
24 0.753151 0.482666 0.116094 0.070527
5 0.524505 0.472681 0.102161 0.020029
5 0.524505 0.508384 0.102161 0.020029
5 0.525605 0.488765 0.102174 0.020029
3 0.416536 0.506636 0.105651 0.021768
3 0.418568 0.483716 0.105651 0.021768
9 0.292806 0.501631 0.107826 0.026953
9 0.630658 0.420762 0.107826 0.026953
9 0.630658 0.408184 0.107826 0.026953
9 0.625384 0.377393 0.107826 0.026953
12 0.762910 0.414619 0.109388 0.020508
12 0.768236 0.397437 0.109388 0.020518
11 0.398730 0.417725 0.124049 0.014980
11 0.409902 0.398350 0.124049 0.014980
12 0.781296 0.293955 0.104648 0.065410
12 0.668359 0.306675 0.104661 0.065400
16 0.473145 0.299810 0.112643 0.068135
15 0.375033 0.303896 0.083581 0.065410
26 0.420508 0.459146 0.084896 0.026025
26 0.529525 0.467324 0.084883 0.026035
27 0.518620 0.415542 0.103464 0.026494
27 0.518620 0.401904 0.103464 0.031934
27 0.289792 0.414575 0.103464 0.026494
27 0.289792 0.400396 0.103464 0.032217
26 0.516328 0.376260 0.084896 0.026035
27 0.296667 0.370688 0.103464 0.026494
27 0.282780 0.300093 0.098424 0.064346
26 0.569076 0.305596 0.084896 0.054238
4 0.693613 0.741226 0.208008 0.036279
0 0.516133 0.728545 0.109323 0.017441
0 0.516120 0.743437 0.109323 0.019590
0 0.498711 0.761577 0.109323 0.019600
26 0.395768 0.380542 0.084896 0.023291
0 0.492383 0.785850 0.109323 0.019590
2 0.343919 0.723120 0.186719 0.015928
4 0.695104 0.777544 0.207995 0.036279
26 0.405820 0.569556 0.059063 0.071729
26 0.484277 0.571309 0.086133 0.071738
26 0.732331 0.568784 0.150182 0.061592
26 0.568880 0.771191 0.049740 0.054102
26 0.488021 0.736011 0.084896 0.026025
26 0.625475 0.498521 0.084883 0.026025
26 0.620482 0.468569 0.084896 0.026025
26 0.775221 0.371226 0.124818 0.026025
26 0.294030 0.472334 0.092409 0.026035
2 0.337148 0.735454 0.186719 0.015928
2 0.351654 0.744868 0.186719 0.015928
2 0.338555 0.773882 0.186719 0.040635
20 0.742513 0.661450 0.134479 0.089248
20 0.603646 0.663228 0.134479 0.089248
