27 0.298659 0.408984 0.098672 0.018262
26 0.764707 0.355747 0.113138 0.025283
26 0.769525 0.373804 0.113138 0.025283
26 0.531198 0.368384 0.113151 0.025283
26 0.408418 0.357554 0.113138 0.025283
26 0.292865 0.373804 0.113151 0.025283
26 0.300091 0.391855 0.113151 0.025273
26 0.289251 0.447861 0.113138 0.025273
26 0.743040 0.652788 0.134805 0.095693
26 0.531185 0.724106 0.125182 0.028896
0 0.516751 0.749346 0.108320 0.025273
0 0.521563 0.758379 0.108333 0.025273
0 0.522760 0.769243 0.108333 0.025283
4 0.704525 0.769209 0.209440 0.032500
4 0.702116 0.734902 0.209440 0.032500
4 0.355462 0.769209 0.209440 0.032500
4 0.356660 0.733135 0.209440 0.032500
19 0.410840 0.560654 0.090273 0.070215
20 0.602259 0.655947 0.142096 0.095293
18 0.435866 0.657236 0.113685 0.077734
18 0.313822 0.650967 0.113685 0.077734
18 0.312207 0.561909 0.113685 0.077744
14 0.757682 0.560693 0.111719 0.067168
24 0.744961 0.474443 0.092448 0.065000
12 0.515156 0.559038 0.102188 0.064775
14 0.630859 0.560024 0.130000 0.067158
13 0.635189 0.470112 0.121341 0.077998
5 0.514974 0.496582 0.104479 0.020898
5 0.521263 0.474639 0.104479 0.020898
3 0.402129 0.495537 0.111445 0.020898
3 0.410488 0.473594 0.111445 0.020898
3 0.410508 0.449565 0.111458 0.020889
7 0.761563 0.395234 0.103255 0.013672
7 0.767122 0.408301 0.103255 0.013672
24 0.647324 0.411426 0.110065 0.017773
24 0.644538 0.387383 0.110065 0.019883
24 0.641074 0.362866 0.110065 0.020850
11 0.421634 0.408799 0.112852 0.017793
11 0.413991 0.387397 0.112852 0.028213
12 0.637598 0.292837 0.091992 0.064775
12 0.766042 0.291372 0.128177 0.064775
16 0.438112 0.287510 0.083203 0.067598
15 0.354915 0.284907 0.076263 0.062393
27 0.287051 0.499951 0.098685 0.018262
27 0.288210 0.474707 0.098685 0.018262
27 0.528529 0.411143 0.098672 0.018262
27 0.518079 0.388506 0.098685 0.018262
27 0.540137 0.297949 0.098685 0.069648
27 0.267871 0.289282 0.098685 0.069658
