26 0.802715 0.398223 0.142122 0.025996
27 0.277266 0.183247 0.169870 0.124795
27 0.449121 0.179829 0.169857 0.124795
27 0.603353 0.684219 0.138607 0.124805
27 0.483770 0.689419 0.086628 0.124795
27 0.778470 0.681616 0.169883 0.124795
27 0.957695 0.523022 0.084609 0.124795
15 0.593073 0.185068 0.121328 0.114395
16 0.698802 0.187666 0.110937 0.109199
27 0.842604 0.177231 0.173385 0.124795
27 0.919590 0.174629 0.077747 0.124805
26 0.298411 0.289067 0.142135 0.026006
26 0.293125 0.320225 0.142135 0.025996
26 0.442188 0.289028 0.142135 0.026006
26 0.442188 0.315029 0.142135 0.025996
26 0.587786 0.289028 0.142135 0.026006
26 0.580853 0.309824 0.142122 0.025996
26 0.778451 0.281230 0.142135 0.025996
26 0.774980 0.304629 0.142122 0.025996
26 0.924043 0.270830 0.142122 0.025996
26 0.924043 0.304629 0.142122 0.025996
26 0.310456 0.442422 0.142135 0.025996
26 0.303529 0.419023 0.142135 0.025996
26 0.303529 0.400825 0.142135 0.026006
26 0.456055 0.387822 0.142135 0.025996
26 0.594720 0.387822 0.142122 0.025996
26 0.605117 0.411226 0.142135 0.026006
26 0.933424 0.393027 0.133151 0.025996
26 0.303529 0.539912 0.142135 0.111777
26 0.417936 0.802495 0.301628 0.038955
26 0.693496 0.798599 0.256497 0.062373
26 0.442188 0.543818 0.142135 0.111777
26 0.587786 0.538623 0.142135 0.111777
1 0.470007 0.417759 0.159466 0.033799
1 0.476855 0.434624 0.159466 0.033799
1 0.643249 0.439824 0.159466 0.033809
9 0.813197 0.432061 0.138659 0.025996
13 0.837461 0.529043 0.180260 0.109199
18 0.932598 0.676455 0.134805 0.130000
20 0.346940 0.692056 0.183724 0.109189
12 0.913730 0.824653 0.166393 0.124795
2 0.411074 0.870151 0.298138 0.064990
4 0.709199 0.859756 0.311992 0.065000
