14 0.170990 0.541973 0.156458 0.113555
3 0.822057 0.437881 0.156458 0.018926
9 0.647891 0.439790 0.161510 0.032178
9 0.642891 0.418003 0.161510 0.032178
27 0.324876 0.424648 0.143216 0.026953
27 0.332448 0.456826 0.143229 0.026953
1 0.176009 0.453027 0.154232 0.022656
1 0.172129 0.435986 0.164284 0.026465
12 0.660508 0.348940 0.151406 0.026494
12 0.660508 0.333804 0.151406 0.026494
12 0.468717 0.350835 0.151419 0.026494
12 0.468763 0.318643 0.151406 0.026504
26 0.806875 0.411401 0.148854 0.037842
26 0.322337 0.401934 0.148815 0.022695
26 0.165898 0.403804 0.148854 0.033994
26 0.168405 0.817363 0.093320 0.088926
26 0.834629 0.303521 0.148867 0.037842
26 0.645365 0.305410 0.148854 0.037832
26 0.307214 0.330015 0.148854 0.037842
26 0.154525 0.326221 0.148867 0.037832
26 0.829583 0.203208 0.136276 0.109775
26 0.693359 0.205083 0.136276 0.109775
27 0.385059 0.684346 0.163893 0.113711
27 0.598268 0.675566 0.163880 0.113711
27 0.136868 0.212715 0.173320 0.112656
27 0.850671 0.530576 0.111159 0.112676
16 0.557389 0.211138 0.112044 0.090850
20 0.196230 0.681079 0.196836 0.126807
27 0.731315 0.535078 0.149297 0.100605
27 0.588893 0.538076 0.149297 0.100605
27 0.492585 0.440283 0.143216 0.026953
27 0.480540 0.420732 0.143216 0.026953
27 0.155553 0.363555 0.143216 0.026953
27 0.830605 0.343262 0.143216 0.026953
27 0.308021 0.207075 0.173333 0.112666
10 0.245469 0.815273 0.039323 0.090840
10 0.307708 0.813022 0.039323 0.090850
10 0.392493 0.810747 0.039336 0.090850
10 0.456074 0.813022 0.051471 0.099932
10 0.513626 0.822129 0.051471 0.109063
12 0.642181 0.824355 0.178659 0.122637
15 0.442318 0.219092 0.118099 0.102207
12 0.813424 0.813022 0.178672 0.122646
17 0.317305 0.541992 0.133750 0.113555
17 0.446009 0.536313 0.133737 0.113564
18 0.801849 0.670669 0.171562 0.113545
