27 0.117767 0.316553 0.166549 0.016992
27 0.117767 0.299512 0.166549 0.016992
27 0.251510 0.172710 0.166563 0.119229
27 0.084941 0.169883 0.166549 0.119238
27 0.279271 0.310869 0.166562 0.016992
26 0.433236 0.405518 0.126237 0.028418
26 0.433203 0.377095 0.146354 0.032139
26 0.776406 0.265449 0.176641 0.035957
26 0.773880 0.293838 0.176641 0.035957
26 0.609850 0.269238 0.176654 0.035957
26 0.445820 0.276807 0.176641 0.035957
26 0.286842 0.290054 0.176654 0.035967
26 0.112695 0.270190 0.176641 0.035967
26 0.098822 0.779312 0.068138 0.085166
12 0.748626 0.782153 0.161497 0.124912
10 0.511458 0.782134 0.050521 0.109756
10 0.638867 0.790664 0.057943 0.100313
10 0.380208 0.812451 0.040365 0.034082
10 0.405449 0.753750 0.040378 0.094629
10 0.339837 0.759429 0.040378 0.094639
10 0.254017 0.778364 0.040378 0.094639
4 0.572018 0.780273 0.042943 0.087109
4 0.435729 0.806748 0.042891 0.075703
4 0.310794 0.789722 0.042891 0.075713
2 0.173262 0.783950 0.060560 0.079678
18 0.554310 0.643042 0.176641 0.107881
20 0.168210 0.638311 0.191784 0.121133
27 0.748646 0.653442 0.166562 0.119229
27 0.370117 0.659121 0.166562 0.119238
14 0.637611 0.502031 0.131289 0.119238
14 0.483704 0.502031 0.131289 0.119238
14 0.142975 0.497305 0.201888 0.119238
9 0.584596 0.415928 0.166562 0.020820
3 0.753698 0.413091 0.158984 0.017002
3 0.758737 0.388472 0.158984 0.035967
3 0.590905 0.387534 0.158971 0.035967
1 0.125339 0.417822 0.153932 0.013184
1 0.294414 0.409292 0.153932 0.034072
1 0.289362 0.380903 0.153932 0.034072
1 0.126576 0.397944 0.153932 0.034072
27 0.438249 0.320332 0.166549 0.016992
27 0.450866 0.303301 0.166549 0.016992
11 0.599753 0.295732 0.156458 0.022715
11 0.599740 0.322231 0.156458 0.015127
16 0.804167 0.172710 0.123646 0.109775
16 0.680508 0.176499 0.123646 0.109775
16 0.553053 0.174614 0.123659 0.109775
15 0.410469 0.170825 0.131224 0.109775
27 0.776419 0.500142 0.106016 0.111631
27 0.768835 0.316553 0.166549 0.016992
