26 0.650332 0.363184 0.138685 0.021973
26 0.634707 0.386626 0.138685 0.021982
26 0.794883 0.357324 0.138698 0.021973
26 0.798796 0.382231 0.138685 0.021982
26 0.596523 0.788027 0.158229 0.123066
26 0.759727 0.782197 0.158229 0.123066
26 0.490150 0.389556 0.138685 0.021982
26 0.212760 0.788057 0.158229 0.123066
26 0.372943 0.788057 0.158229 0.123066
26 0.144980 0.285957 0.133320 0.090820
26 0.282943 0.284717 0.126562 0.091699
26 0.417409 0.285098 0.126562 0.091699
4 0.745293 0.919883 0.284779 0.059102
0 0.517767 0.908804 0.125586 0.019717
27 0.189668 0.399414 0.138763 0.026328
27 0.183828 0.426416 0.138750 0.026328
27 0.349349 0.403843 0.158854 0.028838
27 0.334284 0.431431 0.138750 0.026338
27 0.344316 0.371250 0.138763 0.026328
27 0.651934 0.428306 0.155508 0.030107
27 0.549082 0.280981 0.140378 0.091553
27 0.335951 0.516055 0.135391 0.097773
16 0.303353 0.284062 0.115352 0.089023
15 0.411178 0.286567 0.113685 0.091533
12 0.692031 0.284683 0.127057 0.092783
12 0.844173 0.282222 0.170508 0.092783
5 0.492259 0.429502 0.132070 0.031348
12 0.819922 0.410068 0.162161 0.030098
12 0.840833 0.436445 0.162161 0.030098
9 0.478053 0.515391 0.140430 0.032598
9 0.481400 0.549287 0.140430 0.032598
26 0.500807 0.366816 0.138698 0.021973
3 0.638542 0.545483 0.133750 0.022568
3 0.625176 0.530483 0.133737 0.022568
3 0.630189 0.505405 0.133737 0.022568
3 0.628516 0.481587 0.133750 0.022568
1 0.826615 0.554263 0.155469 0.022568
1 0.792350 0.531733 0.155482 0.022568
1 0.775632 0.497886 0.155482 0.022568
20 0.598483 0.758457 0.158763 0.084648
20 0.781283 0.751055 0.209310 0.095156
18 0.420299 0.786602 0.178984 0.130098
18 0.242591 0.790674 0.178984 0.130098
17 0.711191 0.644902 0.150924 0.108828
17 0.851842 0.650767 0.150924 0.108838
17 0.543203 0.643442 0.164661 0.112412
17 0.371296 0.646372 0.164674 0.112412
14 0.204284 0.642690 0.162135 0.115732
13 0.193438 0.512593 0.146276 0.101260
26 0.375208 0.924160 0.133620 0.073848
26 0.520540 0.929434 0.133607 0.042188
