27 0.350664 0.295380 0.163874 0.041288
2 0.275402 0.954926 0.270617 0.065362
2 0.275402 0.905706 0.270617 0.023190
0 0.511642 0.972503 0.144088 0.035558
0 0.509725 0.935583 0.144088 0.035558
0 0.505885 0.906558 0.144075 0.023202
4 0.767098 0.953166 0.281890 0.059632
4 0.767098 0.908313 0.281890 0.022761
20 0.843928 0.782632 0.215523 0.167276
20 0.632647 0.780871 0.215509 0.167264
18 0.419450 0.787902 0.184263 0.163460
18 0.225456 0.782626 0.184263 0.163460
17 0.653780 0.598031 0.169517 0.141239
17 0.872714 0.601571 0.155375 0.136736
14 0.213961 0.598037 0.193257 0.141595
14 0.413693 0.598031 0.193257 0.141583
14 0.191314 0.445368 0.158713 0.116871
27 0.350670 0.441258 0.151850 0.126613
27 0.180027 0.328411 0.159357 0.038540
27 0.361950 0.251350 0.165375 0.038528
27 0.351421 0.333914 0.165389 0.033031
27 0.689685 0.291215 0.165375 0.033031
27 0.695697 0.326994 0.165389 0.033031
5 0.519055 0.289196 0.157869 0.042663
5 0.524303 0.331123 0.157855 0.042663
9 0.516796 0.410982 0.153351 0.041276
9 0.523043 0.445147 0.153351 0.041288
9 0.516139 0.476791 0.153351 0.041288
3 0.687949 0.437724 0.159035 0.048528
3 0.688995 0.481012 0.159035 0.048528
1 0.868874 0.447221 0.165952 0.042196
1 0.877989 0.481012 0.165952 0.042196
12 0.879249 0.268945 0.159035 0.027436
12 0.877989 0.308018 0.159035 0.027423
12 0.880295 0.337552 0.159035 0.027423
27 0.159605 0.151436 0.151836 0.126601
27 0.574477 0.138779 0.151850 0.126613
16 0.302580 0.139834 0.138298 0.111816
15 0.431655 0.140890 0.129075 0.122368
12 0.722058 0.139834 0.138298 0.124479
12 0.889075 0.135632 0.168231 0.118184
26 0.180422 0.270638 0.165938 0.065399
26 0.523847 0.245319 0.142895 0.040086
26 0.685107 0.254816 0.142895 0.040086
26 0.874102 0.242153 0.142895 0.040086
26 0.862580 0.410926 0.142909 0.040086
26 0.689718 0.400380 0.142895 0.040074
