26 0.879895 0.251575 0.212232 0.040104
26 0.140641 0.232123 0.212214 0.040104
26 0.138489 0.258410 0.212232 0.040104
26 0.835800 0.382359 0.212232 0.040104
26 0.201318 0.921916 0.259930 0.076583
26 0.458989 0.954712 0.212214 0.040104
26 0.134130 0.717744 0.160211 0.113003
26 0.316046 0.718957 0.160176 0.113003
26 0.666889 0.580429 0.160211 0.113018
26 0.129824 0.551265 0.160211 0.113003
26 0.492223 0.374135 0.169719 0.052027
26 0.672460 0.112729 0.161863 0.156879
2 0.225580 0.872374 0.273199 0.052737
2 0.236828 0.828025 0.273199 0.029453
2 0.398533 0.881864 0.052636 0.122367
0 0.498787 0.901908 0.132830 0.027426
0 0.494982 0.877633 0.132847 0.027426
0 0.494982 0.848107 0.132847 0.027426
4 0.725615 0.950422 0.310808 0.078062
4 0.730598 0.917722 0.310791 0.078047
4 0.728084 0.854401 0.310791 0.040015
3 0.646661 0.454645 0.152900 0.027426
3 0.655395 0.421938 0.152900 0.027426
3 0.655395 0.392411 0.152900 0.027426
11 0.795800 0.420888 0.140351 0.027426
11 0.795756 0.457811 0.140369 0.027426
12 0.859710 0.286923 0.157909 0.025325
12 0.868445 0.312241 0.157909 0.025311
5 0.502540 0.263720 0.165431 0.037973
5 0.502504 0.299578 0.165431 0.037973
27 0.334613 0.263720 0.150387 0.037973
27 0.314525 0.295362 0.150387 0.037973
27 0.126547 0.286916 0.150387 0.037973
27 0.532557 0.111420 0.150387 0.139290
27 0.108462 0.108861 0.150387 0.139290
16 0.263330 0.112537 0.141353 0.139246
15 0.397170 0.115067 0.138348 0.134186
12 0.870888 0.116339 0.213550 0.162027
27 0.681424 0.263291 0.171424 0.037973
27 0.691986 0.298735 0.180527 0.037973
20 0.785202 0.746834 0.220914 0.141716
20 0.565641 0.736716 0.220914 0.141716
18 0.373093 0.707589 0.156028 0.115355
17 0.504025 0.572996 0.196801 0.144334
17 0.309965 0.567929 0.187803 0.144320
19 0.836327 0.580592 0.184253 0.147840
14 0.127988 0.556953 0.153972 0.134556
14 0.152109 0.393639 0.160105 0.131953
27 0.316002 0.402530 0.150387 0.139290
9 0.492478 0.417729 0.173322 0.042086
9 0.484965 0.453587 0.173339 0.042086
