16 0.410862 0.294368 0.131848 0.092539
15 0.305435 0.299430 0.128478 0.092550
5 0.495210 0.554620 0.138618 0.038971
5 0.503649 0.533356 0.138602 0.038971
3 0.360559 0.555537 0.141988 0.034094
3 0.360559 0.530224 0.141988 0.034094
12 0.833874 0.455699 0.133556 0.034172
12 0.819231 0.432489 0.133556 0.034172
12 0.825085 0.405062 0.133556 0.034172
9 0.652290 0.402953 0.158556 0.033982
9 0.658152 0.428266 0.158571 0.033982
9 0.664006 0.451477 0.158571 0.033982
11 0.371134 0.388182 0.145373 0.029228
11 0.356491 0.424049 0.145373 0.029217
11 0.341848 0.447254 0.145373 0.029228
27 0.195419 0.556963 0.156615 0.029787
27 0.195419 0.531644 0.156615 0.029799
27 0.502927 0.453585 0.156599 0.029787
27 0.505862 0.421941 0.156599 0.029787
27 0.192492 0.390296 0.156599 0.029787
27 0.192492 0.421941 0.156599 0.029787
27 0.195419 0.443037 0.156615 0.029787
27 0.170862 0.299234 0.121941 0.078714
27 0.814061 0.538456 0.129022 0.091320
14 0.648851 0.533389 0.165652 0.085235
19 0.199006 0.637181 0.170963 0.095749
19 0.469620 0.647304 0.133214 0.080582
19 0.351871 0.646074 0.133214 0.080582
14 0.792943 0.649843 0.165668 0.085235
14 0.620730 0.644776 0.165652 0.085235
18 0.406351 0.753641 0.187329 0.116521
18 0.227112 0.756169 0.187329 0.116521
20 0.789425 0.773893 0.185435 0.125996
20 0.599643 0.766298 0.185435 0.125996
4 0.747252 0.882752 0.273851 0.048702
4 0.740225 0.928322 0.273835 0.048702
0 0.522329 0.859966 0.145373 0.021924
0 0.522329 0.882752 0.145373 0.021924
0 0.522329 0.905537 0.145373 0.021924
0 0.522329 0.928322 0.145373 0.021924
2 0.286879 0.849815 0.283696 0.035716
2 0.276320 0.897942 0.290745 0.056018
26 0.503641 0.502975 0.155512 0.034094
26 0.360256 0.502975 0.155512 0.034094
26 0.191568 0.506012 0.155528 0.034105
26 0.824161 0.390570 0.155528 0.034094
26 0.507865 0.384497 0.155512 0.034094
12 0.841033 0.302472 0.147966 0.092058
12 0.701863 0.299430 0.147950 0.092058
12 0.554255 0.302472 0.147950 0.092058
