26 0.339661 0.286919 0.157526 0.031650
2 0.275020 0.887910 0.292539 0.035859
2 0.291842 0.827007 0.292539 0.035869
2 0.280592 0.860762 0.292539 0.035859
4 0.741966 0.880757 0.286927 0.044346
4 0.753164 0.831226 0.286927 0.044346
0 0.515521 0.888120 0.160339 0.042197
0 0.519687 0.862866 0.160339 0.042197
0 0.516875 0.827007 0.160339 0.042197
20 0.815052 0.717300 0.201641 0.137119
20 0.620951 0.717300 0.201641 0.137119
18 0.398730 0.717295 0.185924 0.123730
18 0.210267 0.715186 0.185924 0.123730
19 0.826289 0.575937 0.164609 0.110234
17 0.642044 0.575937 0.189089 0.110234
12 0.865684 0.185654 0.185716 0.115781
12 0.685645 0.198311 0.140690 0.115781
12 0.550664 0.197241 0.107005 0.109424
12 0.455013 0.578062 0.157682 0.109424
13 0.297520 0.571665 0.146263 0.109697
27 0.179375 0.437695 0.168776 0.107598
27 0.142812 0.201411 0.151901 0.103369
27 0.155469 0.575884 0.132214 0.105479
26 0.519740 0.420820 0.157526 0.031641
27 0.674401 0.451475 0.157526 0.031641
26 0.837552 0.447256 0.157526 0.031641
26 0.843177 0.421938 0.157526 0.031650
26 0.843177 0.388184 0.157526 0.031641
26 0.680026 0.390293 0.157526 0.031641
26 0.519687 0.390293 0.157526 0.031641
26 0.362161 0.396626 0.157526 0.031650
27 0.162448 0.341777 0.157526 0.027422
27 0.179323 0.312236 0.157526 0.031641
27 0.339661 0.343882 0.157526 0.031650
27 0.519687 0.344937 0.157526 0.031650
27 0.514062 0.321729 0.157526 0.035859
27 0.688464 0.475737 0.157526 0.031650
26 0.334036 0.312236 0.157526 0.031641
26 0.500000 0.286919 0.157526 0.031650
26 0.665964 0.318564 0.157526 0.031641
26 0.663151 0.289028 0.157526 0.031650
26 0.820677 0.289028 0.157526 0.031650
9 0.350964 0.454575 0.151901 0.023213
9 0.348099 0.481011 0.151901 0.023213
9 0.345286 0.426162 0.151901 0.023203
3 0.515521 0.453521 0.143464 0.029541
3 0.516875 0.481011 0.143464 0.029541
12 0.831979 0.319556 0.168776 0.031650
12 0.838939 0.341792 0.154674 0.023252
1 0.843229 0.482002 0.135026 0.023203
16 0.283457 0.201411 0.129388 0.103369
15 0.418477 0.201411 0.140651 0.099150
