4 0.739333 0.951693 0.322941 0.079699
16 0.257152 0.113183 0.119182 0.146157
15 0.378615 0.115275 0.114591 0.150340
26 0.490832 0.240464 0.146858 0.052510
26 0.344154 0.248817 0.146844 0.052510
26 0.133307 0.261327 0.146844 0.052510
26 0.477080 0.428392 0.146844 0.127712
26 0.921693 0.106824 0.146858 0.127712
26 0.811686 0.106824 0.146844 0.127712
5 0.485337 0.316869 0.152626 0.033163
5 0.478924 0.274928 0.152626 0.033150
3 0.126112 0.124706 0.171879 0.150327
3 0.321399 0.316869 0.160875 0.031150
3 0.318615 0.281595 0.155308 0.034458
3 0.153766 0.320229 0.160875 0.031150
3 0.649283 0.315196 0.160890 0.031150
3 0.651126 0.279941 0.160875 0.031150
3 0.651126 0.249732 0.160875 0.031150
12 0.829964 0.320673 0.170947 0.033843
12 0.823020 0.286922 0.170947 0.033843
12 0.821844 0.262680 0.170947 0.033856
1 0.836908 0.468353 0.175194 0.045752
1 0.836908 0.432490 0.175194 0.045739
1 0.834598 0.396627 0.175194 0.045752
3 0.660933 0.470464 0.166428 0.031150
3 0.665567 0.436719 0.166428 0.031137
9 0.304340 0.481007 0.176169 0.025804
9 0.306657 0.449366 0.176184 0.051098
9 0.313601 0.400843 0.176184 0.051098
14 0.149541 0.428425 0.163759 0.123281
19 0.658651 0.586111 0.144046 0.135621
12 0.821750 0.592464 0.163501 0.145922
14 0.159139 0.596837 0.182956 0.153856
12 0.524060 0.106869 0.163501 0.145922
12 0.658494 0.111248 0.163501 0.145922
17 0.348336 0.592824 0.147116 0.127451
17 0.503486 0.585425 0.147116 0.127451
17 0.378436 0.751052 0.184132 0.116954
17 0.209369 0.738392 0.184132 0.116941
20 0.612303 0.746837 0.188623 0.123399
20 0.795222 0.751059 0.188608 0.123399
0 0.491628 0.866366 0.159182 0.039556
0 0.491628 0.902144 0.159182 0.039556
0 0.494648 0.918667 0.159197 0.039556
0 0.503716 0.951686 0.159197 0.039556
2 0.268092 0.881046 0.267145 0.059346
2 0.283199 0.938850 0.267145 0.059346
4 0.742360 0.885641 0.322941 0.079699
