27 0.118165 0.116841 0.159149 0.146790
27 0.133258 0.269192 0.159149 0.039843
27 0.128963 0.308103 0.159149 0.039843
27 0.300785 0.309921 0.159149 0.039843
27 0.663737 0.273670 0.159149 0.039843
27 0.663737 0.306296 0.159149 0.039843
27 0.322261 0.277295 0.159149 0.039843
16 0.272041 0.115595 0.133604 0.140954
15 0.407507 0.112464 0.159588 0.147217
26 0.567081 0.107767 0.181848 0.150348
26 0.709953 0.098389 0.181848 0.150337
26 0.902932 0.095253 0.181848 0.150348
26 0.153251 0.576066 0.181795 0.128451
26 0.476150 0.384989 0.181848 0.053255
26 0.884382 0.384989 0.181848 0.040730
26 0.483570 0.233075 0.181848 0.040718
26 0.665419 0.233075 0.181848 0.040718
26 0.865818 0.220550 0.181848 0.040718
26 0.331416 0.233075 0.181848 0.040718
5 0.485439 0.280039 0.166995 0.031324
5 0.487281 0.305112 0.167008 0.031324
12 0.880685 0.253412 0.207832 0.034456
12 0.880672 0.283187 0.207832 0.034456
12 0.884382 0.301987 0.207832 0.034456
24 0.305445 0.380264 0.163285 0.043850
24 0.286875 0.433541 0.163298 0.043850
24 0.283165 0.458591 0.163298 0.043850
11 0.524408 0.428816 0.178125 0.046992
11 0.520678 0.458597 0.178138 0.046981
3 0.695120 0.389663 0.192979 0.037576
3 0.687686 0.433541 0.192979 0.037587
3 0.683976 0.471128 0.192979 0.037587
1 0.875113 0.427250 0.196689 0.050123
1 0.884368 0.464837 0.189242 0.037553
17 0.331423 0.579164 0.170718 0.122166
17 0.505838 0.583883 0.170718 0.122155
13 0.683989 0.577598 0.170718 0.125297
12 0.852852 0.574461 0.189269 0.119024
20 0.620898 0.738906 0.230093 0.134691
20 0.843557 0.740494 0.230093 0.134680
18 0.190399 0.734209 0.178138 0.125297
18 0.375944 0.737363 0.178138 0.125297
2 0.253491 0.862626 0.304322 0.081437
2 0.249767 0.934691 0.304322 0.081437
0 0.483584 0.942503 0.170705 0.046981
0 0.494707 0.912772 0.170718 0.046981
0 0.494707 0.872048 0.170718 0.046992
0 0.494707 0.846992 0.170718 0.046981
4 0.773059 0.940937 0.311729 0.050112
4 0.780465 0.872048 0.311729 0.050112
14 0.122753 0.419837 0.169574 0.132110
