2 0.709940 0.952070 0.289375 0.072912
2 0.696722 0.885387 0.289375 0.072912
4 0.270937 0.938397 0.246636 0.082027
4 0.265937 0.876265 0.246636 0.051646
0 0.476463 0.965743 0.138112 0.039496
0 0.469820 0.930952 0.138125 0.039496
0 0.473112 0.885381 0.138112 0.039484
20 0.838125 0.744103 0.205931 0.172482
20 0.624375 0.745633 0.205931 0.172494
18 0.208384 0.741093 0.189880 0.155651
18 0.400765 0.739558 0.189880 0.155651
17 0.203491 0.561333 0.155785 0.122789
17 0.361303 0.566394 0.155798 0.122789
19 0.507606 0.563354 0.139415 0.122776
14 0.654036 0.562905 0.144694 0.136720
14 0.818398 0.566394 0.144694 0.136720
14 0.667194 0.405233 0.151277 0.127592
27 0.854634 0.400676 0.177566 0.136708
27 0.180505 0.405233 0.157846 0.042531
27 0.180439 0.450946 0.157846 0.042531
27 0.170572 0.302088 0.157846 0.042531
27 0.167287 0.268673 0.157846 0.042531
27 0.482979 0.289939 0.157846 0.042531
27 0.135226 0.130049 0.178484 0.150958
27 0.561755 0.127058 0.137979 0.143575
15 0.296124 0.129988 0.149082 0.137715
16 0.434096 0.129257 0.123697 0.136253
11 0.327839 0.260387 0.142726 0.029300
11 0.327846 0.294079 0.149069 0.038084
11 0.711622 0.286026 0.161755 0.021978
12 0.876549 0.254527 0.161769 0.029300
12 0.881370 0.286800 0.161755 0.029300
3 0.344488 0.408354 0.147487 0.043956
3 0.339003 0.447961 0.147473 0.043956
5 0.496735 0.402500 0.153816 0.041020
5 0.499176 0.447955 0.153830 0.041020
26 0.483258 0.247199 0.161755 0.026364
26 0.706922 0.248710 0.161769 0.026364
26 0.174069 0.362985 0.161755 0.026364
26 0.335831 0.365915 0.161769 0.026376
26 0.484907 0.360055 0.161755 0.026376
12 0.715738 0.127678 0.143870 0.141351
12 0.888278 0.120295 0.189668 0.145651
