2 0.241212 0.891372 0.304370 0.063073
2 0.251029 0.846015 0.304354 0.027257
2 0.253485 0.823813 0.304354 0.018765
4 0.751427 0.954643 0.351435 0.062291
4 0.741571 0.899774 0.321930 0.036941
4 0.751427 0.856516 0.321930 0.055967
20 0.806619 0.742661 0.200478 0.131413
20 0.587097 0.737339 0.205391 0.131413
18 0.385941 0.727874 0.168852 0.142195
18 0.182321 0.717305 0.203142 0.131646
17 0.341786 0.560151 0.167783 0.121125
17 0.523301 0.574918 0.192313 0.133841
19 0.858589 0.574300 0.167193 0.137106
14 0.153796 0.555789 0.191643 0.143567
13 0.186260 0.397599 0.157656 0.135583
24 0.515455 0.420199 0.148357 0.037215
24 0.503118 0.457325 0.148373 0.037229
1 0.858557 0.460082 0.204003 0.031907
0 0.510813 0.898731 0.126730 0.042538
0 0.503126 0.877373 0.126730 0.042538
0 0.500032 0.845466 0.126730 0.042538
3 0.671547 0.458752 0.170016 0.034568
3 0.670040 0.430741 0.170000 0.034568
3 0.670040 0.398834 0.170000 0.034568
12 0.861651 0.288601 0.148373 0.029246
12 0.878716 0.316427 0.157719 0.023937
5 0.524729 0.264678 0.166906 0.045185
5 0.517049 0.295137 0.170048 0.029204
27 0.351627 0.264678 0.160734 0.034568
27 0.342392 0.292497 0.160734 0.034568
27 0.175470 0.281859 0.160734 0.034554
27 0.679314 0.271228 0.160734 0.034554
27 0.694769 0.300473 0.160734 0.034554
27 0.123820 0.097627 0.171435 0.155995
15 0.409522 0.115789 0.134163 0.149575
16 0.274123 0.110446 0.136635 0.143169
12 0.713868 0.115789 0.146587 0.158134
12 0.879657 0.117901 0.187416 0.158134
27 0.557687 0.114643 0.171419 0.155981
26 0.171308 0.235583 0.176013 0.049849
26 0.346244 0.224506 0.169585 0.038779
26 0.868931 0.251262 0.169569 0.038765
26 0.849617 0.367572 0.169569 0.038765
26 0.858206 0.417421 0.169585 0.038765
26 0.519051 0.373114 0.169585 0.038765
26 0.710949 0.572764 0.169585 0.137874
26 0.482831 0.933628 0.166810 0.040096
26 0.242448 0.943121 0.299250 0.033759
