9 0.505625 0.536919 0.137839 0.042197
18 0.241211 0.777427 0.192500 0.114248
18 0.426862 0.777427 0.192500 0.114248
20 0.623770 0.777427 0.186810 0.118330
20 0.826315 0.780605 0.209349 0.133125
17 0.860052 0.640298 0.159036 0.097607
17 0.395924 0.637153 0.164661 0.112412
17 0.564701 0.640298 0.164661 0.112412
14 0.217318 0.631875 0.157812 0.101484
14 0.196204 0.515825 0.132461 0.097236
27 0.175156 0.272085 0.149089 0.094932
27 0.573112 0.271099 0.160286 0.094932
27 0.348099 0.507383 0.160286 0.094941
27 0.203288 0.395503 0.154701 0.037979
27 0.199010 0.420884 0.154714 0.037979
27 0.362161 0.393462 0.154714 0.037979
27 0.350911 0.425103 0.154714 0.037979
27 0.359349 0.357617 0.154714 0.029492
27 0.708158 0.395571 0.154701 0.037979
27 0.691276 0.425103 0.154714 0.037979
5 0.528177 0.392339 0.157526 0.035869
5 0.522500 0.422993 0.157526 0.035869
12 0.874173 0.374404 0.151888 0.029531
12 0.865677 0.406118 0.151901 0.029541
12 0.876934 0.427217 0.151888 0.029531
9 0.512708 0.484111 0.137839 0.042188
9 0.497188 0.509497 0.137839 0.042197
17 0.719805 0.633965 0.114818 0.097598
3 0.670234 0.507319 0.149089 0.029541
3 0.680026 0.549580 0.149089 0.029531
1 0.860104 0.513647 0.157526 0.029541
1 0.854427 0.549580 0.157526 0.029531
0 0.540840 0.882847 0.137826 0.033760
0 0.539382 0.922993 0.137826 0.033760
4 0.754622 0.907104 0.284115 0.044307
16 0.311589 0.275249 0.123776 0.092822
15 0.439577 0.276304 0.126576 0.094932
12 0.881211 0.273140 0.177214 0.097041
12 0.722227 0.266875 0.137839 0.097051
26 0.308776 0.896558 0.315052 0.056963
26 0.855885 0.476729 0.177214 0.027422
26 0.677214 0.475737 0.177214 0.027432
26 0.539382 0.363926 0.177227 0.027422
26 0.685651 0.359707 0.177214 0.027422
26 0.196198 0.359707 0.177214 0.027422
