0 0.551910 0.948576 0.136472 0.022779
27 0.234512 0.382767 0.147012 0.030977
27 0.234526 0.416930 0.147012 0.030977
27 0.228178 0.442244 0.147026 0.030977
27 0.539206 0.421994 0.147012 0.030965
27 0.536035 0.449843 0.147026 0.030965
27 0.253571 0.530855 0.147026 0.030965
27 0.240875 0.561233 0.147026 0.030977
27 0.209103 0.284041 0.134271 0.079128
27 0.832755 0.537163 0.112041 0.089163
12 0.586815 0.295407 0.138907 0.095698
12 0.726465 0.295407 0.138907 0.095698
12 0.859759 0.295407 0.138907 0.095698
9 0.674118 0.394140 0.148848 0.035326
9 0.672515 0.427058 0.145641 0.035326
9 0.685204 0.457442 0.148863 0.035326
12 0.829585 0.409331 0.125379 0.035523
12 0.834366 0.432122 0.125379 0.035523
12 0.843899 0.453616 0.131735 0.027884
11 0.388499 0.391663 0.136472 0.030372
11 0.380525 0.419459 0.136472 0.030384
11 0.380525 0.447308 0.136472 0.030384
3 0.393251 0.530907 0.133294 0.035442
3 0.393214 0.561233 0.133309 0.035442
5 0.537660 0.535965 0.130131 0.040512
5 0.532864 0.568826 0.130131 0.040512
13 0.682063 0.537233 0.145991 0.108860
14 0.648746 0.653686 0.155510 0.088605
14 0.824847 0.654907 0.155525 0.088605
18 0.258338 0.778971 0.175860 0.121128
18 0.428120 0.781483 0.175860 0.121128
19 0.239286 0.646047 0.160496 0.099535
20 0.621720 0.782773 0.174082 0.130988
20 0.802624 0.796692 0.174052 0.151267
19 0.394832 0.647320 0.141589 0.102128
19 0.507471 0.649843 0.141589 0.102128
2 0.307566 0.894192 0.272945 0.058221
2 0.310700 0.961233 0.272945 0.058233
0 0.550350 0.975209 0.136472 0.022791
0 0.551910 0.910599 0.136472 0.022779
0 0.551910 0.887814 0.136472 0.022791
4 0.769344 0.958750 0.257085 0.050640
4 0.774067 0.908070 0.257085 0.050628
16 0.464657 0.292930 0.123776 0.096209
15 0.345649 0.287866 0.120598 0.096198
26 0.529730 0.379000 0.145991 0.035442
26 0.831203 0.384023 0.145991 0.035442
26 0.231348 0.497942 0.145991 0.035442
26 0.386866 0.500477 0.146006 0.035442
26 0.555080 0.503006 0.145991 0.035453
