26 0.508171 0.379678 0.157096 0.032969
26 0.666745 0.376738 0.157083 0.032969
26 0.834707 0.396167 0.171133 0.067119
26 0.796243 0.839814 0.208815 0.032383
26 0.827982 0.490469 0.169297 0.026855
26 0.714030 0.646133 0.113945 0.106211
17 0.850840 0.650425 0.150924 0.108838
17 0.570846 0.647983 0.164661 0.112412
17 0.403177 0.647983 0.164661 0.112412
20 0.590358 0.786563 0.186471 0.130586
20 0.792233 0.779839 0.209310 0.095146
18 0.225742 0.788389 0.178984 0.130098
18 0.416198 0.787168 0.178984 0.130098
4 0.749915 0.890918 0.270221 0.020703
4 0.749837 0.928159 0.270221 0.052490
2 0.277760 0.915337 0.276745 0.053721
0 0.536660 0.905591 0.139987 0.030518
0 0.534961 0.929380 0.140000 0.030518
1 0.823997 0.559536 0.150026 0.033408
1 0.817070 0.528765 0.150026 0.033408
3 0.645846 0.552505 0.164089 0.033408
3 0.638815 0.526133 0.164089 0.033398
3 0.652982 0.498877 0.164089 0.033398
9 0.484102 0.547231 0.135964 0.036924
9 0.493581 0.505913 0.135964 0.036924
14 0.222839 0.646558 0.166432 0.107236
13 0.179473 0.522612 0.145326 0.094932
12 0.833477 0.440864 0.159401 0.033408
5 0.507539 0.438228 0.152370 0.033408
5 0.504128 0.410977 0.152370 0.033398
12 0.855612 0.290537 0.185130 0.098418
12 0.706895 0.294063 0.112513 0.087910
15 0.405677 0.294941 0.114870 0.093184
16 0.296673 0.291426 0.089076 0.086152
27 0.561452 0.292295 0.154701 0.087871
27 0.325885 0.520874 0.133646 0.091455
27 0.666940 0.436470 0.154714 0.031650
27 0.669284 0.406582 0.154714 0.031641
27 0.331732 0.376694 0.154714 0.031650
27 0.331732 0.438228 0.154714 0.031650
27 0.336419 0.410098 0.154714 0.031641
27 0.177018 0.436470 0.154714 0.031650
27 0.184160 0.410098 0.154701 0.031641
27 0.167747 0.294063 0.140651 0.101973
