26 0.299921 0.236940 0.151917 0.037380
26 0.130908 0.240680 0.151917 0.037380
26 0.145787 0.270630 0.151917 0.037380
26 0.242833 0.891366 0.247382 0.034144
26 0.577146 0.742607 0.151917 0.037380
26 0.562454 0.716732 0.151917 0.037393
3 0.615029 0.302746 0.154864 0.033199
26 0.202439 0.702179 0.151917 0.037380
26 0.397532 0.099981 0.151917 0.118929
3 0.650100 0.368904 0.159027 0.030000
3 0.124421 0.112242 0.160315 0.129673
3 0.147253 0.293300 0.154878 0.033199
3 0.318648 0.293300 0.154864 0.033199
16 0.281531 0.109446 0.145322 0.128212
12 0.636373 0.107576 0.155293 0.136713
26 0.198763 0.661751 0.151917 0.037380
26 0.470608 0.386858 0.151917 0.037393
26 0.469678 0.344030 0.151917 0.037380
26 0.870658 0.259351 0.120773 0.113287
26 0.912876 0.110617 0.102432 0.123048
26 0.782468 0.110617 0.146423 0.123048
14 0.165401 0.545743 0.164020 0.133904
9 0.295207 0.443854 0.155622 0.038262
9 0.295207 0.414975 0.155622 0.038262
9 0.298190 0.370340 0.155608 0.038262
3 0.653097 0.409723 0.145851 0.030000
3 0.483097 0.441222 0.145851 0.030000
3 0.644149 0.449106 0.145866 0.030000
0 0.468183 0.800926 0.152103 0.028879
0 0.468183 0.835063 0.152103 0.028892
0 0.468183 0.861316 0.152103 0.028879
0 0.454692 0.883659 0.152103 0.028879
1 0.826073 0.372960 0.174692 0.044081
1 0.817132 0.417594 0.174692 0.044081
1 0.835029 0.454358 0.174692 0.044081
4 0.665029 0.814062 0.261874 0.044723
4 0.679936 0.853457 0.261874 0.044723
4 0.709764 0.898079 0.261903 0.065705
2 0.262403 0.850819 0.266381 0.057179
2 0.280300 0.806184 0.266381 0.057179
13 0.152053 0.399213 0.163276 0.118778
17 0.483104 0.554131 0.166009 0.125919
17 0.325036 0.551499 0.166009 0.125919
19 0.644149 0.559377 0.128612 0.110793
20 0.562160 0.677550 0.137425 0.082179
20 0.396609 0.703778 0.188069 0.118892
20 0.766431 0.703778 0.188083 0.118892
15 0.400579 0.150252 0.114263 0.052897
19 0.778355 0.556751 0.128612 0.110806
3 0.615029 0.260548 0.154864 0.033186
3 0.600651 0.226788 0.154864 0.033199
5 0.468848 0.294307 0.166395 0.046121
26 0.500694 0.105806 0.151917 0.125919
26 0.759893 0.259465 0.151917 0.097947
26 0.456173 0.263142 0.151917 0.037393
26 0.455114 0.226644 0.151917 0.037393
26 0.299921 0.265013 0.151917 0.037380
