27 0.158136 0.279561 0.128099 0.081479
27 0.291617 0.504216 0.145210 0.104739
26 0.525554 0.867075 0.136287 0.044271
26 0.477290 0.350211 0.136287 0.027430
26 0.483069 0.378771 0.136287 0.027419
26 0.779768 0.468432 0.195913 0.033749
14 0.338159 0.637130 0.119251 0.111813
14 0.150868 0.503248 0.119251 0.111813
12 0.495726 0.630818 0.150464 0.090756
26 0.164970 0.358648 0.136287 0.027419
17 0.653323 0.622364 0.156946 0.111179
17 0.819416 0.623420 0.156946 0.111179
18 0.782507 0.758437 0.195374 0.120501
18 0.589439 0.758437 0.195374 0.120501
26 0.184843 0.632898 0.173338 0.103927
20 0.196228 0.764755 0.185389 0.114983
20 0.387822 0.762642 0.182440 0.110756
4 0.739918 0.914555 0.272560 0.044305
4 0.722979 0.862948 0.272575 0.044294
0 0.535494 0.931440 0.136287 0.031646
0 0.535591 0.911474 0.136272 0.031646
2 0.316871 0.916669 0.283922 0.044305
2 0.319805 0.867169 0.283922 0.044305
5 0.485906 0.414633 0.156153 0.033760
7 0.808061 0.418776 0.141961 0.021090
7 0.802380 0.397681 0.141976 0.021101
7 0.805322 0.370334 0.141961 0.021090
1 0.756954 0.539027 0.136272 0.031646
1 0.751377 0.514844 0.136287 0.031646
3 0.592275 0.539032 0.144431 0.022714
3 0.592305 0.512670 0.144431 0.022714
3 0.599356 0.486263 0.133024 0.020578
9 0.444903 0.542197 0.147650 0.031646
9 0.444903 0.516880 0.147650 0.031646
9 0.450696 0.486368 0.147650 0.031646
12 0.814019 0.273231 0.130644 0.076007
12 0.675000 0.279611 0.130599 0.073838
15 0.278922 0.279611 0.105060 0.073838
16 0.399588 0.283832 0.119237 0.069622
27 0.532912 0.277414 0.128099 0.070979
27 0.328488 0.411390 0.150808 0.030923
27 0.337006 0.386073 0.139461 0.030923
27 0.635127 0.411390 0.128099 0.030923
27 0.623780 0.388187 0.128099 0.030923
27 0.632298 0.364983 0.128099 0.030923
27 0.166662 0.419822 0.162186 0.018287
27 0.160981 0.389210 0.128099 0.030923
