2 0.726640 0.844950 0.279840 0.054627
2 0.734736 0.800641 0.282528 0.029316
2 0.725232 0.765796 0.279776 0.035572
4 0.239424 0.805939 0.273152 0.048570
4 0.244896 0.771101 0.273152 0.048570
20 0.763256 0.656101 0.208208 0.122376
20 0.577360 0.639229 0.162080 0.099154
18 0.196040 0.663501 0.232432 0.117575
17 0.543400 0.526374 0.155728 0.093545
17 0.372448 0.520044 0.155712 0.093545
19 0.695408 0.515821 0.149440 0.106517
19 0.820240 0.520044 0.149440 0.106505
14 0.187896 0.528476 0.182576 0.083868
14 0.166240 0.387164 0.112000 0.105025
27 0.106480 0.129751 0.139680 0.123582
27 0.299168 0.391356 0.139680 0.123582
16 0.234032 0.138184 0.139200 0.124851
16 0.320880 0.138184 0.030560 0.124851
15 0.409872 0.131001 0.131168 0.120684
12 0.869456 0.134646 0.165984 0.122575
9 0.513040 0.437226 0.166144 0.049378
9 0.508352 0.400771 0.166144 0.049378
3 0.663112 0.429932 0.169808 0.046281
3 0.663112 0.400777 0.169808 0.046281
12 0.813032 0.431884 0.140688 0.032799
12 0.803800 0.400771 0.140688 0.032811
11 0.829456 0.289708 0.154752 0.047400
5 0.496488 0.289708 0.145392 0.040112
0 0.475384 0.820143 0.121936 0.036455
0 0.484904 0.794496 0.121936 0.036455
0 0.484904 0.772618 0.121936 0.036455
27 0.546824 0.122799 0.109424 0.100249
27 0.676960 0.118246 0.125056 0.100249
27 0.155232 0.248874 0.144608 0.039490
27 0.126088 0.283862 0.144592 0.039490
27 0.278504 0.296014 0.144592 0.039490
27 0.661488 0.262593 0.144608 0.039490
27 0.669304 0.292979 0.144592 0.039490
12 0.399648 0.660566 0.165984 0.122575
26 0.250984 0.841281 0.257936 0.045572
26 0.454360 0.855000 0.257936 0.045572
26 0.489536 0.353731 0.257920 0.045572
26 0.763096 0.356772 0.257936 0.045560
26 0.802184 0.238290 0.257936 0.045560
26 0.552064 0.238290 0.257920 0.045560
26 0.301952 0.253483 0.257920 0.045572
26 0.577488 0.709179 0.144544 0.045572
