27 0.209071 0.290322 0.160922 0.117734
27 0.272110 0.649111 0.160922 0.117734
27 0.130786 0.436514 0.160922 0.019629
27 0.132942 0.395645 0.160922 0.042500
27 0.139487 0.516641 0.169623 0.042520
27 0.141630 0.554268 0.169623 0.042520
15 0.343903 0.292612 0.108740 0.104658
15 0.459136 0.299175 0.108740 0.104658
12 0.609162 0.294258 0.158558 0.126133
12 0.809266 0.302437 0.184714 0.109775
2 0.206870 0.972954 0.295221 0.047549
2 0.219922 0.940195 0.312623 0.040898
4 0.741844 0.934736 0.289429 0.056172
20 0.572214 0.809365 0.221597 0.123652
20 0.376500 0.809365 0.221597 0.123652
20 0.185130 0.809365 0.221584 0.123652
14 0.633110 0.658926 0.168792 0.140254
14 0.776636 0.665464 0.168805 0.140264
3 0.846227 0.537915 0.178195 0.036338
3 0.837526 0.567349 0.178195 0.036338
12 0.654857 0.423452 0.184234 0.034072
12 0.663552 0.449614 0.184247 0.034072
7 0.850571 0.423452 0.181221 0.038604
7 0.854922 0.449614 0.181221 0.038604
11 0.328656 0.515024 0.196325 0.036338
11 0.324305 0.554272 0.196325 0.036338
1 0.498286 0.524834 0.181221 0.024980
1 0.489584 0.554268 0.181221 0.024980
9 0.628760 0.515024 0.171909 0.038721
9 0.628760 0.551001 0.171909 0.038721
26 0.483078 0.951616 0.195714 0.081768
26 0.113390 0.660542 0.126130 0.134092
26 0.452636 0.668721 0.178312 0.130820
26 0.304760 0.416890 0.152221 0.078486
26 0.076416 0.295884 0.078286 0.111201
26 0.937584 0.305693 0.052182 0.104648
