4 0.724850 0.854755 0.238670 0.051097
20 0.818950 0.731308 0.218162 0.142282
20 0.610293 0.737160 0.218162 0.142292
17 0.663944 0.576748 0.180587 0.111146
18 0.371467 0.737179 0.228175 0.131851
18 0.153931 0.735695 0.228175 0.131861
19 0.826845 0.571626 0.152125 0.120137
14 0.130606 0.578952 0.171617 0.123075
13 0.148155 0.426587 0.183325 0.123066
9 0.485958 0.419833 0.141825 0.029755
9 0.477549 0.445152 0.164329 0.029755
9 0.477536 0.474682 0.164329 0.029755
1 0.817347 0.438815 0.159205 0.034280
1 0.820150 0.464133 0.159205 0.034280
3 0.657269 0.299579 0.132920 0.023330
3 0.651649 0.324897 0.132920 0.023330
5 0.483240 0.298462 0.151643 0.035867
5 0.480339 0.331224 0.151656 0.035867
12 0.480332 0.575960 0.163977 0.118991
12 0.320267 0.586499 0.163977 0.118991
12 0.533696 0.177214 0.163977 0.118991
27 0.838494 0.295304 0.154459 0.033761
27 0.848233 0.320676 0.154459 0.033751
27 0.314648 0.426161 0.154459 0.118139
27 0.098403 0.177218 0.154459 0.118139
16 0.250150 0.178213 0.134798 0.107591
15 0.372314 0.176102 0.137614 0.111812
12 0.647529 0.456694 0.148853 0.023203
12 0.657269 0.476792 0.148853 0.023203
26 0.700893 0.175049 0.165698 0.113918
26 0.859472 0.172997 0.165698 0.113928
26 0.123683 0.900842 0.165698 0.113928
26 0.280945 0.898737 0.165698 0.113928
26 0.441023 0.900842 0.165698 0.113928
26 0.106845 0.291146 0.165711 0.088619
26 0.292177 0.299579 0.165711 0.088619
26 0.647458 0.409256 0.162973 0.059060
26 0.825763 0.392409 0.162973 0.059060
26 0.473299 0.380803 0.126415 0.035847
4 0.686408 0.900710 0.315580 0.069491
