17 0.346747 0.557426 0.177307 0.128817
27 0.114586 0.126580 0.165304 0.154769
3 0.149157 0.267296 0.200442 0.039633
3 0.133094 0.297118 0.200442 0.039633
3 0.309765 0.270722 0.141547 0.028142
3 0.316436 0.300574 0.154890 0.028201
3 0.644385 0.244361 0.154876 0.028201
3 0.633681 0.274178 0.154876 0.028213
16 0.252942 0.120775 0.138729 0.120911
3 0.671091 0.383213 0.200442 0.039633
3 0.655483 0.417615 0.200442 0.039633
3 0.655483 0.448195 0.200442 0.039633
12 0.818322 0.283822 0.215870 0.036331
12 0.818322 0.308675 0.215870 0.036331
1 0.827272 0.417633 0.168660 0.041420
1 0.826098 0.449166 0.166312 0.031846
5 0.470325 0.266621 0.173467 0.033030
5 0.468101 0.299112 0.173467 0.033018
0 0.451409 0.897811 0.153260 0.035811
0 0.463446 0.861089 0.153246 0.035811
0 0.463446 0.828982 0.153246 0.035811
0 0.458087 0.806047 0.153246 0.035811
2 0.238536 0.884024 0.257182 0.053728
2 0.241257 0.826686 0.257182 0.053728
4 0.700131 0.832657 0.291727 0.069361
4 0.700076 0.902858 0.310898 0.072154
20 0.573191 0.715686 0.203619 0.122734
20 0.780421 0.712899 0.226174 0.111716
20 0.377279 0.711544 0.184392 0.109006
17 0.494517 0.557426 0.177320 0.128817
17 0.202196 0.703296 0.177320 0.128817
14 0.166865 0.568432 0.176133 0.139302
13 0.129986 0.402012 0.157403 0.118343
19 0.650373 0.557515 0.144558 0.126604
19 0.799675 0.551917 0.144544 0.126604
26 0.475304 0.375864 0.154199 0.033030
26 0.462390 0.411556 0.154199 0.033030
26 0.462390 0.447331 0.154199 0.033030
26 0.822162 0.381278 0.154185 0.033018
26 0.529869 0.108817 0.141367 0.115621
26 0.828591 0.122568 0.141381 0.115621
26 0.912106 0.111550 0.141367 0.115621
15 0.396464 0.111538 0.119227 0.110414
12 0.676070 0.111651 0.157390 0.132107
9 0.307355 0.376509 0.169599 0.046272
9 0.300898 0.411917 0.169613 0.046249
9 0.291865 0.437355 0.169613 0.046237
3 0.632300 0.308479 0.154876 0.028201
