26 0.687474 0.371306 0.148421 0.029542
26 0.500000 0.362868 0.148421 0.029531
26 0.815066 0.502111 0.148421 0.029531
20 0.792375 0.805240 0.211539 0.145341
20 0.611342 0.809968 0.211553 0.145330
18 0.411803 0.801269 0.180868 0.142026
18 0.222026 0.803662 0.180868 0.142015
17 0.379697 0.658555 0.166395 0.122719
17 0.539316 0.660133 0.166395 0.122719
17 0.697980 0.658555 0.137461 0.106557
17 0.839092 0.660133 0.137474 0.106557
14 0.208395 0.655405 0.159474 0.110789
14 0.188928 0.529227 0.159487 0.110800
27 0.346658 0.520608 0.144053 0.099360
27 0.175355 0.276930 0.151842 0.097783
27 0.192875 0.399163 0.147934 0.026812
27 0.185033 0.429867 0.147934 0.026812
27 0.338816 0.398321 0.147947 0.026812
27 0.342711 0.433022 0.147947 0.026812
27 0.687257 0.401477 0.147934 0.026812
27 0.692158 0.433022 0.130368 0.026812
9 0.494592 0.524547 0.128474 0.031546
9 0.498434 0.559195 0.128474 0.031546
3 0.653243 0.492217 0.149882 0.033113
3 0.654164 0.527649 0.149882 0.033124
3 0.652224 0.560773 0.149895 0.033124
1 0.831362 0.530858 0.155724 0.025235
1 0.837145 0.562351 0.155737 0.025235
5 0.512112 0.404680 0.163513 0.044158
5 0.513033 0.438550 0.142092 0.026780
11 0.844987 0.410203 0.147947 0.023667
11 0.850776 0.444057 0.147947 0.023657
27 0.338816 0.371509 0.147947 0.026812
2 0.274132 0.947708 0.265632 0.056802
2 0.286382 0.906892 0.265632 0.023955
0 0.515789 0.929771 0.141421 0.030885
0 0.515118 0.963172 0.141421 0.030885
4 0.742072 0.952186 0.276697 0.051812
4 0.743855 0.912351 0.276711 0.023913
16 0.313796 0.278502 0.117171 0.097047
15 0.427059 0.283779 0.124987 0.103380
12 0.692645 0.279558 0.135395 0.094936
12 0.861921 0.282703 0.161421 0.094936
27 0.562493 0.274264 0.151829 0.097783
26 0.186204 0.365005 0.148408 0.029542
26 0.492184 0.491562 0.148421 0.029542
26 0.841105 0.375528 0.148421 0.029542
