14 0.087791 0.565985 0.172078 0.129536
14 0.103529 0.388789 0.207059 0.142629
9 0.481843 0.408814 0.164758 0.031320
9 0.471797 0.451010 0.175882 0.031320
1 0.863039 0.410577 0.159621 0.036082
1 0.870824 0.443979 0.179660 0.036082
12 0.684686 0.426418 0.189320 0.031495
12 0.676882 0.452747 0.200484 0.027907
3 0.682869 0.242232 0.191124 0.034711
3 0.679627 0.270067 0.191124 0.034711
5 0.483817 0.267526 0.177725 0.037732
27 0.893131 0.238428 0.177399 0.043144
27 0.888281 0.265005 0.177399 0.043144
27 0.281582 0.232093 0.177412 0.043134
27 0.275157 0.270067 0.177399 0.043144
27 0.085627 0.234624 0.171255 0.043144
27 0.085627 0.254876 0.171255 0.043134
1 0.901052 0.098149 0.159621 0.036072
1 0.894359 0.129794 0.159621 0.036082
1 0.896595 0.152649 0.159621 0.014990
27 0.082935 0.091990 0.159621 0.118701
16 0.225634 0.091103 0.151582 0.126577
15 0.370536 0.087588 0.156052 0.130103
26 0.903314 0.051541 0.169425 0.036918
26 0.461895 0.221211 0.169412 0.036918
26 0.477497 0.375923 0.169425 0.036918
26 0.479732 0.335490 0.169425 0.036918
26 0.669209 0.391747 0.169425 0.036918
26 0.664752 0.351314 0.169425 0.036918
26 0.863150 0.375923 0.169412 0.036918
26 0.860922 0.335490 0.169425 0.036918
26 0.296935 0.331974 0.169425 0.036918
26 0.295791 0.407593 0.158222 0.110794
26 0.425719 0.931969 0.171569 0.126577
26 0.601850 0.936392 0.171569 0.126577
26 0.828111 0.932876 0.271882 0.126577
26 0.166007 0.889799 0.303020 0.050979
2 0.172784 0.958526 0.345569 0.082948
22 0.292072 0.560160 0.205085 0.147680
22 0.494843 0.568954 0.205085 0.147680
12 0.725693 0.089139 0.164405 0.125247
20 0.842176 0.758469 0.218732 0.149763
20 0.620301 0.749722 0.218745 0.149773
19 0.869915 0.574732 0.152510 0.126454
19 0.664673 0.570361 0.152510 0.126454
18 0.342948 0.749722 0.228771 0.138784
18 0.121065 0.749722 0.228771 0.138784
12 0.553732 0.089139 0.164405 0.125247
