27 0.577945 0.134004 0.166485 0.111816
2 0.742079 0.884533 0.299727 0.042509
2 0.746043 0.843707 0.299727 0.042522
2 0.737713 0.811003 0.299727 0.042509
0 0.477737 0.894344 0.154029 0.035977
0 0.487945 0.866602 0.154029 0.035977
0 0.492103 0.837169 0.154029 0.035977
0 0.508764 0.804458 0.154029 0.035977
4 0.240441 0.877989 0.312215 0.055599
4 0.250658 0.850246 0.312231 0.055599
4 0.267311 0.811003 0.312215 0.055599
20 0.581613 0.686198 0.219759 0.143367
20 0.808483 0.696538 0.219759 0.143367
18 0.175706 0.693235 0.233178 0.119206
17 0.346597 0.547673 0.199807 0.094842
17 0.546220 0.546097 0.199823 0.094842
19 0.716854 0.542856 0.149920 0.107982
19 0.850112 0.552636 0.149920 0.107995
14 0.159270 0.552579 0.183162 0.085032
14 0.111164 0.408733 0.170610 0.130832
27 0.286244 0.411942 0.179005 0.130820
27 0.092448 0.138865 0.183579 0.121009
27 0.125971 0.266412 0.166517 0.042509
27 0.117448 0.300807 0.166517 0.042522
27 0.321429 0.274641 0.166517 0.042522
27 0.300610 0.307346 0.166517 0.042509
27 0.671108 0.281185 0.166517 0.042522
27 0.671108 0.307346 0.166517 0.042509
9 0.502496 0.408764 0.166661 0.050063
9 0.500433 0.441438 0.166677 0.050063
3 0.671140 0.415277 0.170369 0.046923
3 0.679430 0.441438 0.170353 0.046936
1 0.844069 0.416526 0.145698 0.045788
1 0.850120 0.451248 0.145698 0.045776
12 0.862801 0.284401 0.174848 0.039243
12 0.875096 0.320429 0.174848 0.039243
5 0.492295 0.310561 0.166517 0.039256
12 0.375746 0.697787 0.166517 0.124275
12 0.891750 0.143821 0.166517 0.124288
27 0.741685 0.139237 0.166485 0.111816
16 0.285241 0.143506 0.139631 0.126583
15 0.418170 0.145612 0.131589 0.122371
26 0.496035 0.262699 0.169181 0.048525
26 0.666493 0.236286 0.169165 0.048512
26 0.849101 0.236286 0.169181 0.048512
26 0.682600 0.375523 0.169181 0.048525
26 0.843724 0.373417 0.169181 0.048525
26 0.481204 0.379748 0.169181 0.048525
