9 0.377383 0.404710 0.163579 0.041961
2 0.269519 0.872334 0.280000 0.062707
15 0.417105 0.134903 0.120105 0.158867
16 0.290850 0.137086 0.124917 0.154448
3 0.137218 0.144738 0.160451 0.134834
3 0.162218 0.325256 0.162782 0.036395
3 0.328962 0.294627 0.162797 0.036409
3 0.333722 0.327445 0.162782 0.036409
5 0.674361 0.325262 0.159970 0.035028
5 0.490940 0.334006 0.159955 0.035028
5 0.474271 0.296809 0.159970 0.035028
12 0.835233 0.335808 0.179158 0.035760
12 0.811556 0.311644 0.179173 0.035773
12 0.798398 0.282638 0.179173 0.035773
1 0.837857 0.473564 0.183624 0.048343
1 0.835241 0.444565 0.183624 0.048329
3 0.679992 0.408315 0.153308 0.032901
3 0.656278 0.446982 0.153308 0.032914
3 0.673421 0.488066 0.150752 0.032901
3 0.511586 0.483232 0.111263 0.032901
9 0.369511 0.483232 0.163564 0.041961
9 0.369511 0.444572 0.163564 0.041961
0 0.486662 0.861319 0.159880 0.031671
14 0.182692 0.432479 0.171639 0.130262
12 0.798421 0.593163 0.176692 0.122790
19 0.624737 0.585932 0.135188 0.121506
17 0.360271 0.587169 0.174496 0.138094
17 0.211639 0.753916 0.192992 0.123577
17 0.401083 0.749081 0.192992 0.123577
20 0.798391 0.751492 0.197684 0.130387
4 0.753669 0.894081 0.275278 0.072058
4 0.743113 0.950849 0.275278 0.072058
26 0.332669 0.294724 0.140707 0.038232
26 0.251135 0.952120 0.256526 0.038301
26 0.251098 0.897742 0.251188 0.050373
2 0.277414 0.925511 0.280000 0.062707
26 0.564218 0.140055 0.153910 0.134945
26 0.711564 0.135221 0.153925 0.134945
26 0.856286 0.132804 0.153925 0.134945
26 0.169534 0.594406 0.153925 0.134945
26 0.603684 0.756326 0.153925 0.134945
26 0.498406 0.594406 0.101233 0.134945
26 0.504985 0.444551 0.140707 0.038246
26 0.511602 0.402286 0.143414 0.050401
26 0.832602 0.401064 0.140692 0.038232
26 0.651045 0.309227 0.140707 0.038232
26 0.651045 0.272977 0.140707 0.038246
26 0.808925 0.251222 0.140707 0.038246
26 0.156383 0.297141 0.140707 0.038232
0 0.483805 0.966340 0.159880 0.031685
0 0.480947 0.934834 0.159880 0.031685
0 0.478090 0.900698 0.159880 0.031671
