2 0.193796 0.960518 0.313451 0.067051
18 0.810020 0.791353 0.229701 0.117686
19 0.081706 0.639136 0.163411 0.136182
14 0.619290 0.633091 0.169232 0.140264
14 0.834271 0.633481 0.169245 0.140264
9 0.660169 0.483569 0.172370 0.038721
9 0.670742 0.519922 0.172370 0.038730
1 0.476836 0.525698 0.181693 0.024990
1 0.470885 0.490396 0.181693 0.024990
1 0.482995 0.469951 0.181693 0.024980
5 0.522266 0.965171 0.157474 0.036338
5 0.537507 0.926460 0.157461 0.036338
3 0.890195 0.517749 0.178672 0.036338
3 0.891810 0.481313 0.178672 0.036338
11 0.287572 0.513208 0.196836 0.036338
11 0.292220 0.474497 0.196836 0.036338
12 0.702441 0.368989 0.184727 0.034072
2 0.410352 0.940127 0.068099 0.089863
12 0.713145 0.392734 0.184727 0.034062
7 0.906849 0.359902 0.181693 0.038613
7 0.906953 0.392734 0.181693 0.038613
27 0.089232 0.475732 0.169583 0.047695
27 0.089323 0.515381 0.169583 0.047695
27 0.082520 0.351855 0.165039 0.047695
27 0.089297 0.387061 0.175573 0.027246
27 0.248288 0.634604 0.160456 0.136260
12 0.517923 0.225576 0.198268 0.135957
12 0.731569 0.227222 0.228789 0.135947
12 0.924154 0.230493 0.151693 0.135947
15 0.319505 0.211831 0.183151 0.143896
27 0.116738 0.202021 0.196237 0.143906
2 0.195293 0.908276 0.316445 0.030713
20 0.579902 0.797002 0.222174 0.123652
4 0.746432 0.907173 0.271979 0.026670
4 0.758561 0.955996 0.290169 0.056172
26 0.440710 0.624507 0.199310 0.114854
20 0.143861 0.795498 0.222174 0.123652
26 0.471094 0.363228 0.170964 0.029775
20 0.361868 0.792461 0.222174 0.123652
26 0.487298 0.390566 0.170951 0.029766
26 0.292871 0.351074 0.170951 0.029766
26 0.296940 0.387529 0.170964 0.029766
