26 0.263249 0.889240 0.253685 0.038012
18 0.795944 0.714137 0.192487 0.114025
18 0.601432 0.712027 0.175521 0.118246
20 0.421048 0.718338 0.186810 0.118099
20 0.229408 0.724693 0.186758 0.122349
17 0.807201 0.583333 0.159036 0.097407
17 0.646563 0.585443 0.159036 0.097417
19 0.342227 0.598158 0.135286 0.092827
14 0.202715 0.591827 0.132461 0.097047
14 0.173060 0.463080 0.132474 0.097037
12 0.493014 0.597100 0.143737 0.094942
27 0.556367 0.235234 0.143750 0.094932
27 0.170306 0.240560 0.140924 0.078060
27 0.305508 0.463070 0.129609 0.107583
27 0.638171 0.369250 0.129648 0.027427
27 0.330892 0.351267 0.129648 0.027427
27 0.322441 0.378694 0.129648 0.027427
27 0.173066 0.378694 0.129648 0.027427
16 0.305586 0.235288 0.124010 0.075955
15 0.422559 0.236340 0.115560 0.082271
12 0.700176 0.231067 0.129648 0.084396
12 0.832572 0.226793 0.129648 0.084386
5 0.491608 0.350263 0.140924 0.035867
5 0.474629 0.374483 0.140924 0.031618
24 0.456380 0.442037 0.138099 0.037973
24 0.449271 0.479961 0.138099 0.037973
24 0.440827 0.501072 0.138138 0.025341
3 0.649440 0.480010 0.146562 0.029532
3 0.640924 0.501053 0.146563 0.029532
1 0.824180 0.496891 0.163464 0.025322
26 0.170306 0.315453 0.140924 0.029542
26 0.173066 0.349157 0.140924 0.029542
26 0.319616 0.317510 0.140924 0.029542
26 0.497181 0.311179 0.140924 0.029532
26 0.643743 0.340716 0.140924 0.029542
26 0.643743 0.313289 0.140924 0.029542
26 0.787480 0.347047 0.140924 0.029532
26 0.793118 0.311179 0.140924 0.029532
26 0.635280 0.448314 0.140924 0.029532
26 0.635280 0.420887 0.140924 0.029532
26 0.807207 0.469410 0.140924 0.029542
26 0.804395 0.437763 0.140924 0.029542
26 0.798757 0.410336 0.140924 0.029542
26 0.263262 0.834405 0.253685 0.038012
26 0.257611 0.868143 0.253685 0.038002
26 0.525365 0.828060 0.253672 0.038012
26 0.519733 0.868143 0.253685 0.038002
26 0.776204 0.821730 0.253685 0.038002
26 0.776204 0.863928 0.253685 0.038012
26 0.770566 0.891355 0.253685 0.038012
26 0.505638 0.889240 0.253672 0.038012
