2 0.171097 0.896634 0.308460 0.049463
4 0.766795 0.889244 0.307663 0.058780
4 0.752637 0.827005 0.296292 0.052449
0 0.430822 0.915634 0.148799 0.038976
0 0.429426 0.881859 0.148799 0.038976
0 0.420953 0.839663 0.148799 0.038976
0 0.546573 0.835439 0.061292 0.038976
2 0.180999 0.843883 0.308473 0.049463
20 0.840170 0.700410 0.212350 0.159961
18 0.124530 0.706761 0.241540 0.146868
18 0.341906 0.704644 0.241540 0.146868
17 0.284014 0.537956 0.190457 0.116478
17 0.488714 0.546415 0.190457 0.116478
17 0.669380 0.536902 0.151319 0.123463
17 0.850059 0.544307 0.151319 0.123463
14 0.087833 0.537976 0.166867 0.107132
9 0.456214 0.397683 0.172950 0.036888
9 0.454830 0.437766 0.172950 0.036878
3 0.651005 0.404020 0.172924 0.037620
3 0.652441 0.439873 0.172924 0.037620
3 0.855705 0.438820 0.164517 0.033366
3 0.830300 0.402951 0.164517 0.033376
5 0.473198 0.264776 0.166919 0.022839
5 0.477448 0.229956 0.178264 0.022839
12 0.872637 0.267932 0.159817 0.033366
12 0.872637 0.242615 0.159817 0.033366
27 0.082298 0.226688 0.158094 0.044302
27 0.085013 0.243673 0.158094 0.029532
27 0.275548 0.227839 0.189112 0.035834
27 0.262866 0.259493 0.189099 0.035844
27 0.672206 0.234176 0.189112 0.035844
27 0.675026 0.263712 0.189112 0.035834
27 0.265692 0.373410 0.189112 0.137083
27 0.079896 0.073859 0.159791 0.124478
27 0.559275 0.081205 0.177794 0.134956
27 0.742781 0.082278 0.177807 0.134956
16 0.241795 0.077956 0.143982 0.130800
15 0.394236 0.083229 0.149621 0.137132
12 0.915091 0.079010 0.152454 0.132907
12 0.542343 0.700424 0.152441 0.132907
14 0.080881 0.374371 0.149621 0.158224
26 0.645490 0.325849 0.189151 0.027424
26 0.646802 0.356541 0.189138 0.027424
26 0.460477 0.320678 0.189151 0.027424
26 0.460477 0.354434 0.189151 0.027424
26 0.841586 0.324893 0.189151 0.027424
26 0.844413 0.358649 0.189138 0.027424
26 0.471769 0.196200 0.189151 0.027424
26 0.677852 0.189878 0.189151 0.027424
26 0.883930 0.206751 0.189138 0.027434
26 0.262866 0.189878 0.189151 0.027424
26 0.094027 0.189878 0.188055 0.027424
